id	chr	N0060	N0061	N0062	N0063	N0064	N0065	N0066	N0067	N0068	N0069	N0070	N0071	N0072	N0073	N0074	N0075	N0076	N0077	N0078	N0079	N0080	N0081	N0082	N0083	N0084	N0085	N0086	N0087	N0088	N0089	N0090	N0091	N0092	N0093	N0094	N0095	N0096	N0097	N0098	N0099	N0100	N0101	N0102	N0103	N0104	N0105	N0106
1_1_2146985	1	0	0	2	2	2	0	0	2	2	2	0	1	2	2	2	2	1	2	2	0	2	0	2	2	2	0	0	2	2	2	2	0	2	0	0	0	0	2	2	2	0	0	0	2	0	2	2
1_2146986_2350291	1	2	0	2	2	2	0	0	2	2	2	0	0	2	2	2	2	0	2	2	2	2	0	2	2	0	0	2	2	2	2	2	0	2	0	0	2	0	2	2	2	2	0	0	2	0	2	2
1_2350292_2549669	1	2	0	2	2	2	0	0	2	2	2	0	0	2	2	2	2	0	2	2	2	2	0	2	2	0	0	2	2	2	2	2	0	2	0	0	2	0	2	2	2	2	0	0	2	2	2	2
1_2549670_2632413	1	2	0	2	2	2	0	0	2	2	2	0	0	2	2	2	2	0	0	0	2	2	0	2	2	0	0	2	2	2	2	2	0	2	0	0	2	0	2	2	2	2	0	0	2	2	2	2
1_2632414_2839978	1	2	0	2	2	2	2	0	2	2	2	0	0	2	2	2	2	0	0	0	2	2	0	2	2	0	0	2	2	2	2	2	0	2	0	0	2	0	2	2	2	2	0	0	2	2	2	2
1_2839979_3053952	1	2	0	2	2	2	2	0	2	2	2	0	0	2	2	2	2	0	0	0	2	2	0	2	2	2	0	2	2	2	2	2	0	2	0	0	2	0	2	2	2	2	0	0	2	2	2	2
1_3053953_3168543	1	2	0	2	2	2	2	0	2	2	2	0	2	2	2	2	2	2	0	0	2	2	0	2	2	2	0	2	2	2	2	2	0	2	0	0	2	0	2	2	2	2	0	0	2	2	2	2
1_3168544_4316400	1	2	0	2	2	2	2	0	2	2	0	0	2	2	2	2	2	2	0	0	2	2	0	2	2	2	0	2	2	2	2	2	0	2	0	0	2	0	2	2	2	2	0	0	2	2	2	2
1_4316401_4393200	1	2	0	2	2	2	2	0	2	2	0	0	2	2	2	2	2	2	0	0	2	2	2	2	2	2	0	2	2	2	2	2	0	2	0	0	2	0	2	2	2	2	0	0	2	2	2	2
1_4393201_4666069	1	0	0	2	2	0	2	0	2	2	0	0	0	2	2	2	2	0	0	0	0	2	2	2	2	0	0	2	0	2	2	2	0	2	0	0	2	0	2	2	2	0	0	0	2	2	2	2
1_4666070_5196597	1	0	0	2	2	0	2	0	2	2	0	0	0	2	2	2	2	0	0	0	0	2	2	2	2	0	0	2	0	2	2	2	0	2	0	0	2	0	2	0	2	0	0	0	2	2	2	2
1_5196598_5410984	1	0	2	2	2	0	2	0	2	2	0	0	0	2	2	2	2	0	0	0	0	2	2	2	2	0	0	2	0	2	2	2	0	2	0	0	2	0	2	0	2	0	0	0	2	2	2	2
1_5410985_5766484	1	0	2	2	2	0	2	0	2	2	0	2	0	2	2	2	2	0	0	0	0	2	2	2	0	0	0	0	0	2	2	2	0	2	0	0	2	0	2	0	2	2	0	0	2	2	2	2
1_5766485_5829240	1	0	2	2	2	0	2	0	2	2	0	2	0	2	2	2	2	0	0	0	0	2	2	2	0	0	0	0	0	2	2	2	0	0	0	0	2	0	2	0	2	2	0	0	2	2	2	0
1_5829241_6013824	1	0	2	2	2	0	2	0	2	2	0	2	0	2	2	2	2	0	0	0	0	2	2	2	0	0	0	0	0	2	2	2	0	0	0	0	2	0	2	0	2	2	0	0	2	0	2	0
1_6013825_6535376	1	0	2	2	2	0	2	0	2	2	0	2	0	2	2	2	2	0	0	0	0	2	2	2	0	0	0	0	0	2	2	2	0	0	0	0	2	0	2	0	2	2	0	0	2	0	2	2
1_6535377_7797897	1	0	2	2	2	0	2	0	2	2	0	2	0	2	2	2	0	0	0	0	0	2	2	2	0	0	0	0	0	2	2	2	0	0	0	0	2	0	2	0	2	2	0	0	2	0	2	2
1_7797898_8495976	1	0	2	2	2	0	2	0	2	2	0	2	0	2	2	2	0	0	0	0	0	2	2	2	0	0	0	0	2	2	2	2	0	0	0	0	2	0	2	0	2	2	0	0	2	0	2	2
1_8495977_11182416	1	0	2	2	2	0	2	0	2	2	0	2	0	2	2	2	0	0	0	0	0	2	2	2	0	0	0	0	2	2	2	2	0	0	0	0	2	0	2	0	2	2	0	0	2	0	0	2
1_11182417_11591961	1	0	2	2	2	0	0	0	2	2	0	2	0	2	2	2	0	0	0	0	0	2	2	2	0	0	0	0	2	2	2	2	0	0	0	0	2	0	2	0	2	2	0	0	2	0	0	2
1_11591962_11782505	1	0	2	2	2	0	0	0	2	2	0	2	0	2	2	2	0	0	0	0	0	2	2	2	0	0	0	0	2	2	0	2	0	0	0	0	2	0	2	0	2	2	0	0	2	0	0	2
1_11782506_12219858	1	0	2	2	2	0	0	0	2	0	0	2	0	2	2	2	0	0	0	0	0	2	2	0	0	0	0	0	2	2	0	2	0	0	0	0	2	0	2	0	2	2	0	0	0	0	0	2
1_12219859_13346163	1	0	2	2	2	0	0	0	2	0	0	2	0	2	2	2	0	0	0	0	0	0	2	0	0	2	0	0	2	2	0	2	0	0	0	0	2	0	2	0	2	2	0	0	0	0	0	2
1_13346164_16379658	1	0	0	0	0	0	0	0	0	0	0	0	0	0	0	2	0	0	0	0	0	0	0	0	0	2	0	0	0	0	0	0	0	0	0	0	2	0	2	0	2	0	0	0	0	0	0	2
1_16379659_16562405	1	0	2	2	2	0	0	0	2	0	0	0	0	2	2	2	2	0	2	2	0	0	2	0	0	2	0	0	0	0	0	2	0	0	0	0	2	0	2	2	2	2	2	0	0	0	0	2
1_16562406_17024846	1	0	2	2	2	0	0	0	2	0	0	0	0	2	2	2	2	0	2	2	0	0	2	0	0	2	0	0	0	0	0	2	0	0	0	0	2	0	2	2	2	2	2	2	0	0	0	2
1_17024847_17795915	1	0	2	2	2	0	0	0	2	0	0	1	0	2	2	2	2	0	2	2	0	0	2	0	0	2	0	0	0	0	0	2	0	0	0	0	2	0	2	2	2	2	2	2	0	0	0	2
1_17795916_17903989	1	0	2	2	2	0	0	0	2	0	0	1	0	2	2	2	2	0	2	2	0	0	2	0	0	2	0	0	0	0	0	2	0	0	0	0	2	0	2	2	2	2	2	2	0	0	0	0
1_17903990_17972274	1	0	2	2	2	0	0	0	2	0	0	1	0	2	2	2	2	0	2	2	0	0	2	0	0	2	0	0	0	0	0	2	0	0	0	0	2	0	2	2	0	2	2	2	0	0	0	0
1_17972275_18575024	1	0	0	0	0	0	0	0	0	0	0	1	0	0	0	2	2	0	0	0	0	0	0	0	0	2	0	0	0	0	0	0	0	0	0	0	2	0	0	0	0	0	0	0	0	0	0	0
1_18575025_19247995	1	2	0	0	0	0	0	0	0	0	0	1	0	0	0	2	2	2	0	0	2	0	0	0	0	2	0	0	0	0	0	0	0	0	0	0	2	0	0	0	0	0	0	0	0	0	0	0
1_19247996_19340405	1	2	2	0	2	0	0	2	2	0	0	1	0	2	2	2	2	2	2	2	2	2	0	2	0	2	0	0	0	0	0	2	0	0	0	0	2	0	2	2	0	0	2	2	0	0	0	2
1_19340406_21115794	1	2	2	2	2	0	0	2	2	0	0	1	0	2	2	2	2	2	2	2	2	2	0	2	2	2	0	0	0	0	2	2	0	0	0	0	2	0	2	2	0	0	2	2	0	0	0	2
1_21115795_22891701	1	2	2	2	2	0	0	2	2	0	0	1	0	2	2	0	0	2	2	2	2	2	0	2	2	2	0	0	0	0	2	2	0	0	0	0	2	0	2	2	0	0	2	2	0	0	0	2
1_22891702_23393379	1	2	2	2	2	0	0	2	2	2	2	2	2	2	2	0	0	2	2	2	2	2	0	2	2	2	0	0	2	2	2	2	0	0	2	0	2	2	2	2	0	0	2	2	2	2	2	2
1_23393380_23522013	1	2	2	2	2	0	0	2	2	2	2	2	2	2	2	0	0	2	2	2	2	2	0	2	2	2	0	0	2	2	2	2	2	0	2	0	2	2	2	2	0	0	2	2	2	2	2	2
1_23522014_23770874	1	0	2	2	2	0	0	2	2	2	2	2	0	2	2	0	0	0	2	2	0	2	0	2	2	2	0	0	2	2	2	2	2	0	2	0	2	2	2	2	0	0	2	2	2	2	2	2
1_23770875_23954338	1	0	0	0	0	0	0	0	0	0	0	0	0	0	0	0	0	0	0	0	0	0	0	0	0	0	0	0	2	0	0	0	0	0	0	0	2	0	2	0	0	0	0	0	0	2	0	0
1_23954339_24072091	1	0	0	0	0	0	0	0	0	0	0	0	0	0	0	0	0	0	0	0	0	0	0	0	0	0	0	0	2	0	0	0	0	0	0	0	2	0	2	0	2	2	0	0	0	2	0	0
1_24072092_24441896	1	0	0	0	0	0	0	0	0	0	0	0	0	0	0	0	0	0	0	0	0	0	0	0	0	0	0	0	0	0	0	0	0	0	0	0	2	0	2	0	2	2	0	0	0	2	0	0
1_24441897_25753394	1	2	0	0	0	2	0	0	0	0	0	0	2	0	0	0	0	2	0	0	0	0	0	0	0	0	0	0	0	0	0	0	0	0	0	0	2	0	2	0	2	2	0	0	0	2	0	0
1_25753395_26321293	1	2	0	2	2	2	0	2	2	2	2	2	2	2	2	0	0	2	2	2	0	0	0	0	0	0	0	2	0	0	0	0	0	0	0	2	2	2	2	2	2	2	0	2	2	2	2	2
1_26321294_26387298	1	2	0	2	2	2	0	2	2	2	2	2	2	2	2	0	0	2	2	2	0	0	0	0	0	0	0	2	0	0	0	0	0	0	0	2	2	2	2	2	2	2	0	2	2	0	2	2
1_26387299_26771995	1	2	0	2	2	2	0	2	2	2	2	2	2	2	2	0	0	2	2	2	0	0	0	0	0	0	0	2	0	0	0	0	0	0	0	2	2	2	2	2	2	2	0	2	2	0	2	0
1_26771996_27032600	1	2	0	0	2	2	0	2	2	2	2	2	2	2	2	0	0	2	2	2	0	0	0	0	0	0	0	2	0	0	0	0	0	0	0	2	2	2	2	2	2	2	0	2	2	0	2	0
1_27032601_28220715	1	2	0	0	2	2	0	2	2	2	2	2	2	2	2	0	0	2	2	2	0	0	0	0	0	0	0	2	0	0	0	0	0	0	2	2	2	2	2	2	2	2	0	2	2	0	2	0
1_28220716_28604678	1	2	0	0	2	2	0	0	2	2	2	2	2	2	2	0	0	2	2	2	0	0	0	0	0	0	0	2	0	0	0	0	0	0	2	2	2	0	2	0	0	2	0	2	2	0	2	0
1_28604679_29432458	1	2	0	0	2	2	0	0	2	2	2	2	2	2	2	2	2	2	2	2	2	0	2	0	0	0	0	2	0	0	0	0	0	0	2	2	2	0	2	0	0	2	0	2	2	0	2	0
1_29432459_31763530	1	2	0	0	2	2	0	0	2	2	2	2	2	2	2	2	2	2	2	2	2	0	2	0	0	0	0	2	0	0	2	0	0	0	2	2	2	0	2	0	0	2	0	2	2	0	2	0
1_31763531_32087722	1	2	0	0	2	2	0	0	2	2	2	2	2	2	2	2	2	2	2	2	2	0	2	0	2	0	0	2	2	0	2	0	0	0	2	2	0	0	2	0	2	2	0	0	2	0	0	0
1_32087723_33299448	1	2	0	0	2	2	0	0	2	0	2	2	2	2	2	2	2	2	2	2	2	0	2	0	2	0	0	2	2	0	2	0	0	0	2	2	0	0	2	0	2	2	0	0	0	0	0	0
1_33299449_33533328	1	2	0	0	2	2	0	0	2	0	2	2	2	2	2	2	2	2	2	2	0	0	2	0	2	0	0	2	2	2	2	0	0	0	2	2	0	0	2	0	2	2	0	0	0	0	0	0
1_33533329_34358897	1	0	0	0	2	2	0	0	2	0	2	2	2	2	2	2	2	2	2	2	0	0	2	0	2	0	0	2	2	2	2	0	0	0	2	2	0	0	2	0	2	2	0	0	0	0	0	0
1_34358898_34675391	1	0	0	0	2	2	0	0	2	0	2	2	2	2	2	2	2	2	2	2	0	0	2	0	2	0	0	2	0	2	2	0	0	0	2	2	0	0	2	0	2	2	0	0	0	0	0	0
1_34675392_34920359	1	0	2	0	2	2	0	0	2	0	2	0	2	2	2	0	0	2	2	2	0	0	2	0	0	0	0	2	0	2	2	0	0	0	2	2	0	0	0	0	2	2	0	0	0	0	0	0
1_34920360_35224065	1	0	2	0	2	2	0	0	2	0	2	0	2	2	2	0	0	2	2	2	0	0	2	0	0	0	0	2	0	2	2	0	0	2	2	2	0	0	0	2	2	2	0	0	0	0	0	0
1_35224066_35513926	1	0	2	0	2	2	0	0	2	0	2	0	2	2	2	0	0	2	2	2	0	0	2	0	0	0	0	2	0	2	2	0	0	2	2	0	0	0	0	2	2	2	0	0	0	0	0	0
1_35513927_37126176	1	0	2	0	2	2	0	0	2	0	2	0	2	2	2	0	0	2	2	2	0	0	2	0	0	0	0	2	0	2	2	0	0	2	2	0	0	2	0	2	2	2	0	0	0	0	0	0
1_37126177_38308883	1	2	2	0	2	2	0	0	2	0	2	0	2	2	2	0	0	2	2	2	0	0	2	0	0	0	0	2	0	2	2	0	0	2	2	0	0	2	0	2	2	2	0	0	0	0	0	0
1_38308884_40488152	1	2	0	0	2	2	0	0	2	0	2	0	2	2	2	0	0	2	2	2	0	0	2	0	0	0	0	2	0	2	2	0	0	2	2	0	0	2	0	2	2	1	0	0	0	0	0	0
1_40488153_41386306	1	2	0	0	2	2	0	0	2	2	2	2	2	2	2	0	0	2	0	0	0	0	2	0	0	0	0	2	0	2	2	2	0	2	2	0	0	2	0	2	2	1	0	0	2	0	0	0
1_41386307_41459205	1	2	0	0	2	2	0	0	2	2	2	2	2	2	2	0	0	2	0	0	0	0	2	0	0	0	0	2	0	2	2	2	0	2	2	0	0	2	0	2	1	1	0	0	2	0	0	0
1_41459206_41700106	1	2	0	0	0	0	0	0	2	2	2	2	2	2	2	0	0	2	0	0	0	0	2	0	0	0	0	2	0	2	2	2	0	2	2	0	0	2	0	0	1	1	0	0	2	0	0	0
1_41700107_41840077	1	2	0	2	0	0	0	0	2	2	2	2	2	2	2	0	0	2	0	0	0	0	2	0	0	2	0	2	2	2	2	2	0	2	2	0	0	2	0	0	1	1	0	0	2	0	0	0
1_41840078_41895889	1	2	0	2	0	0	0	0	2	2	2	2	2	0	0	0	0	2	0	0	0	0	2	0	0	2	0	2	2	2	2	2	0	2	2	2	0	2	0	0	1	1	0	2	2	0	0	0
1_41895890_42257642	1	2	0	2	0	0	0	0	2	2	2	2	2	0	0	0	0	2	0	0	0	0	2	2	0	2	0	2	2	2	2	2	0	2	2	2	0	2	0	0	1	1	0	2	2	0	0	0
1_42257643_43269728	1	0	0	0	0	0	0	0	2	2	2	2	0	0	0	0	0	0	0	0	0	0	2	2	0	2	0	2	2	2	2	2	0	2	2	2	0	2	2	0	0	0	0	2	2	0	0	0
2_1_2459280	2	1	2	0	0	2	1	0	0	2	2	0	1	0	0	0	0	2	2	2	2	0	0	0	2	2	0	0	2	2	2	0	0	2	2	0	2	0	0	2	2	2	2	2	2	0	2	2
2_2459281_2949659	2	2	2	0	0	2	2	0	0	2	2	0	2	0	0	0	0	2	2	2	2	0	0	0	2	2	0	0	2	2	2	0	0	2	2	0	2	0	0	2	2	2	2	2	2	0	2	2
2_2949660_3293759	2	2	2	0	0	2	2	0	0	2	2	0	2	0	0	0	0	2	2	2	2	0	0	0	2	2	0	0	2	2	2	0	0	2	2	2	2	0	0	2	2	2	2	2	2	0	2	2
2_3293760_3368296	2	2	2	0	0	2	2	0	0	2	2	0	2	0	0	0	0	2	2	2	2	0	0	0	2	2	2	0	2	2	2	0	0	2	2	2	2	0	0	2	2	2	2	2	2	0	2	2
2_3368297_3427419	2	2	2	0	0	2	0	0	0	2	2	0	2	0	0	0	0	2	2	2	2	0	0	0	2	2	2	0	2	2	2	0	0	2	2	2	2	0	0	2	2	2	2	2	2	0	2	2
2_3427420_3708720	2	2	2	0	0	2	0	0	0	2	2	0	2	0	0	0	0	2	2	2	2	0	0	0	2	2	2	0	2	2	2	0	0	2	2	2	0	0	0	2	2	2	2	2	2	0	0	2
2_3708721_4380542	2	2	2	0	0	2	0	0	0	2	2	0	2	0	0	0	0	2	2	2	2	0	0	2	2	2	2	0	2	2	2	0	0	2	2	2	0	2	0	2	2	2	2	2	2	0	0	2
2_4380543_4448864	2	2	2	0	0	2	0	0	0	2	2	0	2	0	0	0	0	2	2	2	2	0	0	2	2	2	2	0	2	2	2	0	0	2	2	2	0	0	0	2	2	2	2	2	2	0	0	2
2_4448865_4511260	2	2	2	0	0	2	0	0	0	2	2	0	2	2	0	0	0	2	2	2	2	0	0	2	2	2	2	0	2	2	2	0	0	2	2	2	0	0	0	2	2	2	2	2	2	0	0	2
2_4511261_4835022	2	2	2	0	0	2	0	0	0	2	2	0	2	2	0	0	0	2	2	2	2	0	0	2	2	2	0	0	2	2	2	0	0	2	2	0	0	0	0	2	2	2	2	2	2	0	0	2
2_4835023_6785222	2	2	2	0	0	2	0	0	0	2	2	0	2	2	0	0	0	2	2	2	2	0	0	2	2	2	0	0	2	2	2	0	0	2	2	0	0	0	0	2	2	2	2	2	2	2	0	2
2_6785223_7143332	2	2	2	0	0	2	0	0	0	2	2	0	2	2	0	0	0	2	2	2	1	0	0	2	2	2	0	0	2	2	2	0	0	2	2	0	0	0	0	2	2	2	2	0	2	2	0	2
2_7143333_7336014	2	2	2	0	0	2	0	0	0	2	2	0	2	2	0	0	0	2	2	2	1	0	0	2	2	2	0	0	2	2	2	0	0	2	2	0	0	0	0	0	2	2	2	0	2	2	0	2
2_7336015_7414161	2	2	2	0	0	2	0	0	0	2	2	0	2	2	0	0	0	2	2	2	1	0	0	2	2	2	0	0	2	2	2	0	0	2	2	0	0	0	0	0	2	2	2	0	2	2	0	1
2_7414162_7633985	2	2	2	0	0	2	0	0	0	2	0	0	2	2	0	0	0	2	2	2	1	0	0	2	2	2	0	0	2	2	2	0	0	2	0	0	0	0	0	0	2	1	2	0	2	2	0	1
2_7633986_8697454	2	2	2	0	0	2	0	0	0	2	0	0	2	2	0	0	0	2	2	2	1	0	0	0	2	2	0	0	2	2	2	0	0	2	0	0	0	0	0	0	2	1	2	0	2	2	0	1
2_8697455_9431713	2	2	2	0	0	2	0	0	0	2	0	0	2	2	0	0	0	2	2	2	1	0	0	0	2	2	2	0	2	2	2	0	0	2	0	0	0	0	0	0	2	1	2	0	2	2	0	1
2_9431714_9493972	2	2	2	0	0	2	0	0	0	2	0	0	2	2	0	0	0	2	2	2	1	0	0	0	2	2	2	0	2	2	2	0	0	2	0	0	2	0	0	0	2	1	2	0	2	2	0	1
2_9493973_9726556	2	2	2	0	0	2	0	0	2	2	0	0	2	2	2	0	0	2	2	2	1	0	0	0	2	2	2	0	2	2	2	0	0	2	0	0	2	0	0	0	2	1	2	0	2	2	0	1
2_9726557_9995341	2	2	2	0	0	2	0	0	2	2	0	0	2	2	2	2	2	2	2	2	1	0	0	0	2	2	2	0	2	2	2	0	0	2	0	0	2	0	0	0	2	1	2	0	2	2	0	1
2_9995342_10185862	2	2	2	0	0	2	0	0	2	2	0	0	2	2	2	2	2	2	2	2	0	0	0	0	2	2	2	0	2	2	2	0	0	2	0	0	2	0	0	0	2	1	2	0	2	2	0	1
2_10185863_11983849	2	2	2	0	0	2	0	0	2	2	0	0	2	2	2	2	2	2	2	2	0	0	0	0	2	2	2	0	2	2	2	0	0	2	0	0	2	0	0	0	2	1	2	0	2	0	0	1
2_11983850_12178084	2	2	2	0	0	2	0	0	2	2	0	0	2	2	2	2	2	2	0	0	0	0	0	0	2	2	2	0	2	2	2	0	0	0	0	0	2	0	0	0	2	1	2	0	2	0	0	1
2_12178085_12298022	2	2	2	0	0	2	0	0	2	2	0	0	2	2	2	2	2	2	0	0	0	0	0	2	2	2	2	0	2	2	2	0	0	0	0	0	2	0	0	0	2	1	2	2	2	0	0	1
2_12298023_13261214	2	2	2	0	0	2	0	0	2	2	0	0	2	2	2	2	2	2	0	0	0	0	0	2	2	2	0	0	2	2	2	0	0	0	0	0	2	0	0	0	2	1	2	2	2	0	0	1
2_13261215_16422019	2	0	2	0	0	2	0	0	2	2	0	0	2	2	2	2	2	2	0	0	0	0	0	2	2	2	0	0	2	2	2	0	0	0	0	0	2	0	0	0	2	1	2	2	2	0	0	1
2_16422020_16629745	2	0	2	0	0	2	0	2	2	2	0	0	2	2	2	2	2	2	0	0	0	0	0	2	0	2	0	0	1	2	2	0	0	0	0	0	2	0	0	2	2	2	2	2	2	0	0	1
2_16629746_17908535	2	0	2	0	0	2	0	2	2	2	0	0	2	2	2	2	2	2	0	0	0	0	0	2	0	2	0	0	2	2	2	0	0	0	0	0	2	0	0	2	2	2	2	2	2	0	0	0
2_17908536_18209071	2	2	2	0	0	2	0	2	2	2	0	0	2	0	0	2	2	2	0	0	0	0	0	2	0	2	0	0	2	2	2	0	0	0	0	2	2	2	0	0	2	2	2	2	2	0	0	0
2_18209072_18388453	2	2	2	0	0	2	0	2	2	2	0	0	2	0	0	2	2	2	0	0	0	0	0	2	0	2	0	0	2	2	2	0	2	0	0	2	2	2	0	0	2	2	2	2	2	0	0	0
2_18388454_18884864	2	2	2	0	0	2	0	2	2	2	0	0	2	0	0	2	2	2	0	0	0	0	0	2	0	0	0	0	0	2	2	0	2	0	0	2	2	2	0	0	2	2	2	2	2	0	0	0
2_18884865_19165109	2	2	2	0	0	0	0	2	2	2	0	0	2	0	0	2	2	2	0	0	0	0	0	2	0	0	0	0	0	2	2	0	0	0	0	0	2	0	0	0	2	2	2	2	2	0	0	0
2_19165110_20500912	2	0	2	0	0	0	0	2	2	2	0	2	2	0	0	2	2	0	0	0	2	0	0	2	0	0	0	2	0	2	2	0	0	0	0	0	2	0	0	0	2	2	2	2	2	0	0	0
2_20500913_20741536	2	0	2	0	0	0	0	2	2	2	0	2	2	2	0	0	0	0	2	0	2	0	0	2	0	0	0	2	0	2	2	0	2	0	0	0	2	0	0	0	2	2	2	2	2	0	0	0
2_20741537_21056672	2	0	2	0	0	0	0	2	2	0	0	2	2	2	0	0	0	0	2	0	2	0	0	2	0	0	0	2	0	2	2	0	2	0	0	0	2	0	0	0	2	2	2	2	2	0	0	0
2_21056673_21130308	2	0	2	0	0	0	0	2	2	0	0	2	2	2	0	0	0	0	2	0	2	0	2	2	0	0	0	2	0	2	2	0	2	0	0	0	2	0	0	0	2	2	2	2	2	0	0	0
2_21130309_21377546	2	0	2	0	0	0	0	2	2	0	0	2	0	2	0	0	0	0	2	0	2	0	2	2	0	0	0	2	0	2	2	0	2	0	0	0	2	0	0	0	2	2	2	2	2	0	0	0
2_21377547_21778775	2	0	2	0	0	0	0	2	2	0	0	2	0	2	0	0	0	0	2	0	2	2	2	2	0	0	0	2	0	2	2	0	2	0	0	0	2	0	0	0	2	2	2	2	2	0	0	0
2_21778776_22648996	2	0	2	0	0	0	0	2	2	0	2	2	0	2	0	0	0	0	2	0	2	2	2	2	0	0	0	2	0	2	2	0	2	0	0	0	0	0	0	0	0	0	2	2	2	0	0	0
2_22648997_23159610	2	0	2	0	0	0	0	2	2	0	2	2	0	2	0	0	0	0	0	0	2	2	2	2	0	2	0	2	0	2	2	0	2	0	0	0	0	0	0	0	0	0	2	2	2	0	0	0
2_23159611_23320243	2	0	2	0	0	0	2	2	2	0	2	2	0	2	2	0	0	0	0	0	2	2	2	2	0	2	0	2	0	2	2	0	2	0	0	0	0	0	0	2	0	0	2	2	0	0	0	0
2_23320244_23377510	2	0	2	0	0	0	2	2	2	0	2	2	0	2	2	0	0	0	0	0	2	2	2	2	0	2	0	2	0	2	2	0	2	0	0	0	0	0	2	2	0	0	2	2	0	0	0	0
2_23377511_23519145	2	0	2	0	0	0	2	2	2	0	2	2	0	2	2	0	0	0	0	0	2	2	2	2	0	2	0	2	0	2	2	0	2	0	0	0	0	0	2	2	2	2	2	2	0	0	0	0
2_23519146_24279571	2	0	2	0	0	1	2	2	2	0	2	2	0	2	2	0	0	0	0	0	2	2	2	2	0	2	0	2	0	2	2	0	2	0	0	0	0	0	2	2	2	2	2	2	0	0	0	0
2_24279572_24332417	2	2	2	0	0	1	2	2	2	0	2	2	2	2	2	0	0	2	0	0	2	2	2	2	0	2	0	2	2	2	2	0	2	0	0	0	0	0	2	2	2	2	2	2	0	0	0	0
2_24332418_25119649	2	2	2	0	0	1	2	2	2	0	0	2	2	2	2	0	0	2	0	0	2	2	2	0	0	2	0	2	2	0	0	0	2	0	0	0	0	0	2	2	2	2	2	2	0	0	0	0
2_25119650_25236065	2	2	2	0	0	1	2	2	2	0	0	2	2	2	2	0	0	2	0	0	2	2	2	0	0	2	0	2	2	0	0	0	2	0	2	0	2	0	2	2	2	2	2	2	0	0	2	0
2_25236066_25877008	2	2	2	0	0	2	2	2	2	0	0	2	2	2	2	0	0	2	0	0	2	2	2	0	0	2	0	2	2	0	0	0	2	0	2	0	2	0	2	2	2	2	2	2	0	0	2	0
2_25877009_26279037	2	2	2	0	0	2	2	2	2	0	0	2	2	2	2	0	0	2	0	0	0	0	2	0	0	2	0	2	2	0	0	0	2	0	2	0	2	0	2	2	2	2	2	2	0	0	2	0
2_26279038_27364931	2	2	2	0	0	2	2	2	2	0	0	2	2	2	2	0	0	2	0	0	0	0	2	0	0	2	0	2	2	0	0	0	2	0	2	0	2	2	2	2	2	2	2	2	0	0	2	0
2_27364932_27696835	2	2	2	0	0	2	0	2	2	0	0	0	2	2	2	0	0	2	2	2	0	0	2	0	0	2	2	2	2	0	0	0	2	0	2	0	2	2	2	0	2	2	2	2	0	0	0	0
2_27696836_27767915	2	2	2	0	0	2	0	2	2	0	0	0	2	2	2	0	0	2	2	2	0	0	2	0	0	2	2	2	2	0	0	2	2	0	2	0	2	2	2	0	2	2	2	2	0	0	0	0
2_27767916_28328826	2	2	2	0	0	2	0	2	2	0	0	0	2	2	2	0	0	2	2	2	0	0	2	0	0	2	2	2	2	0	0	2	2	0	2	0	2	2	2	0	2	2	2	2	0	2	0	0
2_28328827_28519965	2	2	2	0	0	2	0	2	2	0	0	0	2	2	2	0	0	2	2	2	0	0	2	0	0	0	2	2	2	0	0	2	2	0	2	0	2	2	2	0	2	2	2	2	0	2	0	0
2_28519966_29062117	2	2	2	2	0	2	0	2	2	0	0	0	2	2	2	0	0	2	2	2	0	0	2	0	0	0	2	2	2	0	0	2	2	0	2	0	2	2	2	0	2	2	2	2	0	2	0	0
2_29062118_30087920	2	2	2	2	0	2	0	2	2	0	0	0	2	0	0	0	0	2	2	2	0	0	2	0	0	0	2	2	2	0	0	2	0	0	2	0	2	2	2	0	2	2	2	2	0	2	0	0
2_30087921_30292944	2	2	2	2	0	2	0	2	2	0	0	0	2	0	0	0	0	2	2	2	0	0	2	0	0	0	2	2	2	0	0	2	0	0	2	0	0	2	2	0	2	2	2	2	0	2	0	0
2_30292945_30657920	2	2	2	2	0	2	0	2	2	0	0	0	2	0	0	0	0	2	0	0	0	0	2	0	0	0	2	2	2	0	0	2	0	0	2	0	0	2	2	0	2	0	2	2	0	2	0	0
2_30657921_30964962	2	2	0	2	0	2	0	2	2	0	0	0	2	0	0	0	0	2	0	0	0	0	2	0	0	0	2	2	2	0	0	2	0	0	2	0	0	2	2	0	2	0	2	2	0	2	0	0
2_30964963_32138220	2	2	0	2	0	2	0	2	2	0	0	0	2	0	0	0	0	2	0	0	0	0	2	0	0	0	2	2	2	0	0	2	0	0	2	0	0	2	0	0	2	0	2	2	0	2	0	0
2_32138221_32551178	2	2	0	2	0	2	0	2	2	0	0	0	2	0	0	0	0	2	0	0	0	0	2	0	0	0	0	2	2	0	0	2	0	0	2	0	0	2	0	0	2	0	2	2	0	2	0	0
2_32551179_33111899	2	2	0	2	2	2	0	2	2	0	0	0	2	0	0	0	0	2	0	0	0	0	2	0	0	0	0	2	2	0	0	2	0	0	2	0	0	2	0	0	2	0	2	2	0	2	0	0
2_33111900_34066797	2	2	0	2	2	2	0	2	0	0	0	0	2	0	0	0	0	2	0	0	0	0	2	0	0	0	0	2	2	0	0	2	0	0	2	0	0	2	0	0	2	0	2	2	0	2	0	0
2_34066798_34244837	2	2	0	0	2	2	0	2	0	0	0	0	2	0	0	0	0	2	0	0	0	0	2	0	0	0	0	2	2	0	0	2	0	0	2	0	0	2	0	0	2	0	2	2	0	2	0	0
2_34244838_34387650	2	2	0	0	2	2	0	2	0	0	0	0	2	0	0	0	0	2	0	0	2	0	2	0	0	0	0	2	2	0	0	2	0	0	2	0	0	2	0	0	2	0	2	2	0	2	0	0
2_34387651_34640672	2	2	0	0	2	2	0	2	0	0	0	0	2	0	0	0	0	2	0	0	2	0	2	0	0	0	0	2	2	0	0	2	0	0	0	0	0	2	0	0	2	0	2	2	0	2	0	0
2_34640673_35786773	2	2	0	0	2	2	0	2	0	0	0	2	2	0	0	0	0	2	0	0	2	0	2	0	0	0	0	0	2	2	2	2	2	0	0	2	0	0	0	2	2	0	2	2	0	2	0	0
3_1_3103485	3	0	2	2	0	2	2	0	0	0	0	2	0	0	0	0	0	0	2	2	0	2	0	2	2	2	0	0	0	0	0	0	0	2	0	0	0	0	0	2	2	2	0	0	0	0	2	2
3_3103486_3533035	3	2	2	2	0	2	2	0	0	0	0	2	2	0	0	0	0	2	2	2	0	2	0	2	2	2	0	0	2	0	0	0	0	2	0	0	0	0	0	2	2	2	0	0	0	0	2	2
3_3533036_3856527	3	2	2	2	0	2	2	0	0	0	0	2	2	0	0	0	0	2	2	2	0	2	0	2	2	2	0	0	2	0	0	0	0	2	0	0	0	0	0	2	2	2	0	2	0	0	2	2
3_3856528_3915735	3	2	2	2	0	2	2	0	0	0	0	2	2	0	0	0	0	2	2	2	0	2	0	2	2	2	0	0	2	0	0	0	0	2	2	0	0	0	0	2	2	2	0	2	0	0	2	2
3_3915736_4064398	3	2	2	2	0	2	2	0	0	0	0	2	2	0	0	2	2	2	2	2	0	2	0	2	2	2	0	0	2	0	0	0	0	2	2	2	0	2	0	2	2	2	0	2	0	0	2	2
3_4064399_4368623	3	0	2	2	0	0	2	0	0	0	0	0	0	0	0	2	2	0	2	2	0	2	0	2	2	0	0	0	0	0	0	0	0	2	2	2	0	2	0	2	2	2	0	2	0	0	0	2
3_4368624_4772228	3	0	2	2	0	0	2	0	0	0	2	0	0	0	2	2	2	0	2	2	0	2	0	2	2	0	0	0	0	0	0	0	0	2	2	2	0	2	0	2	2	2	0	2	0	0	0	2
3_4772229_4985839	3	0	2	2	0	0	0	0	0	0	2	0	0	0	2	2	2	0	2	2	0	0	0	0	2	0	0	0	0	0	0	0	0	2	2	2	0	2	0	2	2	2	0	2	0	0	0	2
3_4985840_5380671	3	0	2	2	0	0	0	0	0	0	2	0	0	0	2	0	0	0	2	2	0	0	0	0	2	0	0	0	0	0	0	0	0	2	2	2	0	2	0	2	2	2	0	2	0	0	0	2
3_5380672_5755301	3	0	2	2	0	0	0	0	0	0	2	0	0	0	2	0	0	0	2	2	0	0	0	0	2	0	0	0	0	0	0	0	0	0	2	2	0	2	0	2	2	2	0	2	0	0	0	2
3_5755302_6197420	3	0	2	2	0	0	0	0	0	0	2	2	0	0	2	0	0	0	2	2	0	0	0	0	2	0	0	0	0	0	0	0	0	0	2	2	0	2	0	2	2	2	0	2	0	0	0	2
3_6197421_6974897	3	0	2	2	0	0	0	0	0	0	2	2	0	0	2	0	0	0	2	2	0	0	0	0	2	0	0	0	0	0	0	0	0	0	0	0	0	0	0	2	2	2	0	2	0	0	0	2
3_6974898_7384971	3	0	2	2	0	0	2	0	0	0	2	2	2	0	2	0	0	0	2	2	2	0	0	0	2	0	0	0	0	0	0	0	0	0	0	0	0	0	0	2	2	2	0	2	0	0	0	0
3_7384972_7674348	3	2	2	2	0	0	2	0	0	0	2	2	2	0	2	0	0	2	2	2	2	0	0	0	2	0	0	0	2	0	0	0	0	0	0	0	0	0	2	2	2	2	0	2	0	0	0	0
3_7674349_7770953	3	2	2	2	0	0	2	0	0	0	2	2	2	0	2	0	0	2	2	2	2	0	0	0	2	0	0	0	2	0	0	0	0	0	0	0	0	0	2	2	2	2	0	0	0	0	0	0
3_7770954_8175503	3	2	2	2	0	2	2	0	0	0	2	2	2	0	2	0	0	2	2	2	2	2	0	0	2	0	0	0	2	0	0	0	0	0	0	0	0	0	2	2	2	2	0	0	0	0	0	0
3_8175504_8378067	3	2	2	2	0	2	2	0	0	0	2	0	2	0	2	0	0	2	2	2	2	2	0	0	2	1	0	0	2	0	0	0	0	0	0	0	0	0	2	2	2	2	0	0	0	0	0	0
3_8378068_9302869	3	2	2	2	0	2	2	0	0	0	2	0	2	2	2	0	0	2	2	2	2	2	0	0	2	1	0	2	2	0	0	0	0	0	2	2	2	2	2	2	2	2	0	0	0	0	2	0
3_9302870_9828999	3	2	2	2	0	2	2	0	0	0	0	0	2	2	2	0	0	2	2	2	2	2	0	0	2	1	0	2	2	0	0	0	0	0	2	2	2	2	2	2	2	2	0	0	0	0	2	0
3_9829000_9962275	3	2	2	2	0	2	2	0	0	0	0	0	2	2	2	0	0	2	2	2	2	2	0	0	2	1	0	2	2	0	0	2	0	0	2	2	2	2	0	2	2	2	0	0	0	0	2	0
3_9962276_10107153	3	2	2	2	0	2	2	0	0	0	0	0	2	2	2	0	0	2	2	2	0	0	0	0	2	1	0	2	2	0	0	2	0	0	2	2	2	2	0	2	2	2	0	0	0	0	2	0
3_10107154_10320378	3	2	2	2	0	2	2	0	0	0	0	0	2	2	2	0	0	2	2	2	0	0	0	0	2	2	0	2	2	0	0	2	0	0	2	2	2	2	0	2	2	2	0	0	0	0	2	0
3_10320379_11732632	3	2	2	2	0	2	2	0	0	0	0	0	2	2	2	0	0	2	2	2	0	0	0	2	2	2	0	2	2	0	0	2	0	0	2	2	2	2	0	2	2	2	2	0	0	2	2	0
3_11732633_12254636	3	2	0	2	0	2	2	0	0	0	0	0	2	2	2	0	0	2	2	2	0	0	0	2	2	2	0	2	2	0	0	2	0	0	2	2	2	2	0	2	2	2	2	0	0	2	2	0
3_12254637_12872230	3	2	0	2	0	2	2	0	2	0	0	0	2	2	2	0	0	2	2	2	0	0	0	2	2	2	0	2	2	0	0	2	0	0	2	2	2	2	0	2	2	2	2	0	0	2	2	0
3_12872231_13179282	3	2	0	2	0	2	2	0	2	0	0	0	2	2	2	0	0	2	2	2	2	0	0	2	2	2	0	2	2	0	0	2	0	0	2	2	2	2	0	2	2	2	2	0	0	2	2	0
3_13179283_13235104	3	2	0	0	0	2	2	0	2	2	0	2	2	2	2	0	0	2	2	2	2	0	0	2	2	2	0	2	2	0	0	2	0	0	2	2	2	2	0	2	2	2	2	0	2	2	2	0
3_13235105_14437380	3	2	0	0	0	2	2	0	2	2	0	2	2	2	2	0	0	2	2	2	2	0	0	2	2	2	0	2	2	0	0	2	0	0	2	2	2	2	2	2	2	2	2	0	2	2	2	0
3_14437381_14789535	3	2	0	0	0	2	2	2	2	2	0	2	2	2	2	0	0	2	2	2	2	0	0	2	2	2	0	2	2	0	0	2	0	0	2	2	2	2	2	2	2	2	2	0	2	2	2	0
3_14789536_14906553	3	2	0	0	0	2	2	2	2	2	0	2	2	2	2	0	0	2	0	2	2	0	0	2	2	0	0	2	2	0	0	2	0	0	2	2	2	2	2	0	2	2	2	0	2	2	2	2
3_14906554_15457426	3	2	2	0	0	2	2	2	2	2	0	2	2	2	2	0	0	2	0	2	2	0	0	2	2	0	0	2	2	0	0	2	0	0	2	2	2	2	2	0	2	2	2	0	2	2	2	2
3_15457427_15625522	3	2	0	0	0	2	2	2	2	2	0	2	2	2	2	0	0	2	0	2	2	0	0	2	2	0	0	2	2	0	0	2	0	0	2	2	2	2	2	0	2	2	2	0	2	2	2	2
3_15625523_15685283	3	2	0	0	0	2	2	2	2	2	0	2	2	2	2	0	0	2	0	2	2	2	0	2	2	0	0	2	2	0	0	2	0	0	2	2	2	2	2	0	2	2	2	0	2	2	2	2
3_15685284_15982193	3	2	0	0	0	2	2	2	2	2	2	2	2	2	2	0	0	2	0	2	2	2	0	2	2	0	0	2	2	0	0	2	0	0	2	2	2	2	2	0	2	2	2	0	2	2	2	2
3_15982194_16412744	3	2	0	0	0	2	2	2	2	2	2	2	2	2	2	0	0	2	0	2	2	2	0	2	2	0	0	2	2	0	0	2	0	0	2	2	2	2	2	0	2	2	0	0	2	2	2	2
3_16412745_16475209	3	2	0	0	0	2	2	2	2	2	2	0	2	2	2	0	0	0	0	2	2	2	0	2	2	0	0	2	2	0	0	2	0	0	2	2	2	0	0	0	2	2	0	0	2	2	2	2
3_16475210_17549764	3	2	0	0	0	0	2	2	2	2	2	0	2	2	2	0	0	0	0	2	2	2	0	2	2	0	0	2	2	0	0	2	0	0	2	2	2	0	0	0	2	2	0	0	2	2	2	2
3_17549765_17642949	3	2	0	0	0	0	2	2	2	2	2	2	2	2	2	0	0	2	0	2	2	2	0	2	2	0	0	0	2	0	0	2	0	0	2	2	2	2	2	0	2	2	0	0	2	2	2	2
3_17642950_17892112	3	2	0	0	0	0	0	0	0	0	2	2	2	0	0	0	0	2	0	0	2	0	0	0	0	0	0	0	2	0	0	0	0	0	0	0	2	2	2	0	2	0	0	0	0	2	0	0
3_17892113_17990878	3	2	0	0	0	0	0	0	0	0	2	2	2	0	0	0	0	2	0	0	2	0	0	0	0	0	0	0	2	0	0	0	0	0	0	0	2	2	2	0	2	0	0	0	0	0	0	0
3_17990879_23680450	3	2	0	0	0	0	0	0	0	0	2	2	2	0	0	0	0	2	0	0	2	0	0	0	0	0	0	0	2	0	0	0	0	0	0	0	2	2	2	0	0	0	0	0	0	0	0	0
3_23680451_23963485	3	2	0	0	0	0	0	2	2	0	2	2	2	2	2	2	2	2	0	0	2	0	2	2	2	0	0	0	2	0	0	2	0	0	0	0	2	2	2	0	0	0	2	2	0	0	2	2
3_23963486_24110520	3	2	0	0	2	0	0	2	2	0	2	2	2	2	2	2	2	2	0	0	2	0	2	2	2	0	0	0	2	0	0	2	0	0	0	0	2	2	2	0	0	0	2	2	0	0	2	2
3_24110521_24601766	3	2	0	0	2	0	0	2	2	0	2	2	2	2	2	2	2	2	0	0	2	0	2	2	2	0	0	0	2	0	0	2	0	0	0	0	2	2	2	0	0	0	2	2	0	2	2	2
3_24601767_26525902	3	2	0	0	2	2	0	2	2	0	2	2	2	2	2	2	2	2	0	0	2	0	2	2	2	0	0	0	2	0	0	2	0	0	0	0	2	2	2	0	0	0	2	2	0	2	2	2
3_26525903_26708395	3	2	0	0	2	2	0	2	2	0	2	2	2	2	2	2	2	2	0	0	2	0	2	2	2	0	0	0	2	0	0	2	0	0	0	0	0	2	2	0	0	0	2	2	0	2	2	2
3_26708396_26846174	3	2	0	0	2	2	0	2	2	0	2	2	2	2	2	2	2	2	0	0	2	0	2	2	2	0	0	0	2	2	2	2	0	0	0	0	0	2	2	0	0	0	2	2	0	2	2	2
3_26846175_27218802	3	2	0	2	2	2	0	2	2	0	2	2	2	2	2	2	2	2	0	0	0	0	2	2	2	2	0	0	2	2	2	0	0	0	0	0	0	0	0	0	0	0	2	2	0	2	2	2
3_27218803_36258179	3	2	0	2	2	2	0	2	2	0	2	0	2	2	2	2	2	2	0	0	0	0	2	2	2	2	0	0	2	2	2	0	0	0	0	0	0	0	0	0	0	0	2	2	0	2	2	2
4_1_487193	4	2	0	2	0	2	2	2	2	2	2	2	2	0	0	0	0	2	2	2	2	2	0	2	0	2	0	0	2	2	2	0	0	2	0	0	0	2	0	0	0	0	0	2	2	2	2	2
4_487194_692273	4	0	0	2	0	2	2	2	2	2	2	2	0	0	0	0	0	2	2	2	0	2	0	2	0	2	0	0	2	2	2	0	0	2	0	0	0	2	0	0	0	0	0	2	2	2	2	2
4_692274_1246547	4	0	0	2	0	2	2	2	2	2	2	2	0	0	0	0	2	2	2	2	0	2	0	2	0	2	0	0	2	2	2	0	0	2	0	0	0	2	0	0	0	0	0	2	2	2	2	2
4_1246548_1808553	4	2	0	2	0	2	2	2	2	2	2	2	2	0	0	0	2	2	2	2	2	2	0	2	0	2	0	0	2	2	2	0	0	2	0	0	0	2	0	0	0	0	0	2	2	2	2	2
4_1808554_1979323	4	2	2	2	0	2	2	2	2	2	2	2	2	0	0	0	2	2	2	2	2	2	0	2	0	2	0	0	2	2	2	0	0	2	0	0	0	2	0	0	0	0	0	2	2	2	2	2
4_1979324_2369312	4	2	2	2	0	2	2	2	2	2	2	2	2	0	0	0	0	2	2	2	2	2	0	2	0	2	0	0	2	2	2	0	0	2	0	0	0	2	0	0	0	0	0	2	2	2	2	2
4_2369313_2649619	4	2	2	2	0	2	2	2	2	2	2	2	2	0	0	0	0	2	2	2	2	2	0	2	0	2	0	0	2	2	2	0	0	2	0	0	0	2	0	0	2	0	0	2	2	2	2	2
4_2649620_2760540	4	2	2	2	0	2	2	2	2	2	2	2	2	0	0	0	0	2	2	2	2	2	0	2	0	2	0	0	2	2	2	0	0	2	0	0	0	2	0	0	2	0	0	2	2	2	0	2
4_2760541_4292650	4	2	2	2	0	2	2	2	2	2	2	2	2	0	0	0	0	2	2	2	2	2	0	2	0	2	0	0	2	2	2	0	0	2	2	0	0	2	0	0	2	0	0	2	2	2	0	2
4_4292651_4395477	4	0	2	2	0	2	2	2	2	2	2	2	2	0	0	0	0	0	2	2	2	2	0	2	0	2	0	0	2	2	2	0	0	2	2	0	0	2	0	0	2	0	0	2	2	2	0	2
4_4395478_4472405	4	0	2	2	0	2	2	2	2	2	2	2	2	0	0	0	0	0	2	2	2	2	0	2	0	2	0	0	2	2	2	0	0	2	0	0	0	2	0	0	2	0	0	2	2	2	0	2
4_4472406_6902605	4	0	2	2	0	2	2	2	2	2	0	2	2	0	0	0	0	0	2	2	2	2	0	2	0	2	0	0	2	2	2	0	0	2	0	0	0	2	0	0	2	0	0	2	2	2	0	2
4_6902606_6977575	4	0	2	2	0	2	0	2	2	2	0	2	2	0	0	0	0	0	2	2	2	2	0	2	0	2	0	0	2	2	2	0	0	2	0	0	0	2	0	0	2	0	0	2	2	2	0	2
4_6977576_7103576	4	0	2	2	0	2	0	0	0	0	0	2	2	0	0	0	0	0	2	2	2	2	0	2	0	2	0	0	2	2	2	0	0	2	0	0	0	0	0	0	2	2	0	2	0	0	0	0
4_7103577_7336308	4	0	2	2	0	2	0	0	0	0	0	2	2	0	0	2	2	0	2	2	2	2	0	2	0	2	0	0	2	2	2	0	0	2	0	0	0	0	0	0	2	2	0	2	0	0	0	0
4_7336309_10732474	4	2	2	2	0	2	0	0	0	0	0	2	2	0	0	2	2	2	2	2	2	2	0	2	0	2	0	0	2	2	2	0	0	2	0	0	0	0	0	0	2	2	0	2	0	0	0	0
4_10732475_11237232	4	2	2	2	0	2	0	0	0	0	0	2	2	0	0	2	2	2	2	2	2	2	0	2	0	2	0	0	0	2	2	0	0	2	0	0	0	0	0	0	2	2	0	2	0	0	0	0
4_11237233_11306004	4	2	2	2	0	2	0	0	0	0	0	2	2	0	0	2	2	2	2	2	2	2	0	2	0	0	0	0	0	2	2	0	0	2	0	0	0	0	0	0	2	2	0	2	0	0	0	0
4_11306005_11638117	4	2	2	2	0	2	0	0	0	0	0	2	2	0	0	2	2	2	2	2	2	2	0	2	0	0	0	0	0	2	2	0	0	2	0	0	0	0	0	0	0	2	0	2	0	0	0	0
4_11638118_12385798	4	2	2	2	0	2	0	0	0	0	0	2	2	0	0	2	2	2	0	0	2	2	0	2	0	0	0	0	0	2	2	0	0	2	0	0	0	0	0	0	0	2	0	2	0	0	0	0
4_12385799_13270104	4	2	2	2	0	2	0	0	0	0	0	2	2	0	0	2	2	2	0	0	2	2	0	2	0	0	0	0	0	2	2	0	0	2	0	0	0	0	0	0	2	2	0	2	0	0	0	0
4_13270105_14212633	4	2	2	2	0	2	0	0	0	0	0	2	2	2	2	2	2	2	0	0	2	2	0	2	0	0	0	0	0	2	2	0	0	2	0	0	0	0	0	0	2	2	2	2	0	0	0	0
4_14212634_14369984	4	2	2	2	2	2	0	0	0	0	2	2	2	2	2	2	2	2	0	0	2	2	0	2	0	0	0	0	0	2	2	0	0	2	0	0	0	0	0	2	2	2	2	2	0	0	0	0
4_14369985_15740460	4	2	2	2	2	2	0	0	0	0	2	2	2	2	2	2	2	2	0	0	2	2	0	2	0	0	0	0	2	2	2	0	0	2	0	0	0	0	0	2	2	2	2	2	0	0	0	0
4_15740461_15934997	4	2	2	2	2	2	0	0	0	0	0	2	2	2	2	2	2	2	0	0	2	2	0	2	0	0	0	0	2	2	2	0	0	2	0	0	0	0	0	2	2	2	2	2	0	0	0	0
4_15934998_16329434	4	2	2	2	2	2	0	0	0	0	0	2	2	2	2	2	2	2	0	0	2	2	0	2	0	2	0	0	2	2	2	0	0	2	0	0	0	0	0	2	2	2	2	2	0	0	0	0
4_16329435_16548268	4	2	2	2	2	2	0	0	0	0	0	2	2	2	2	2	2	2	0	0	2	2	0	2	0	2	2	0	2	2	2	0	0	2	0	0	0	0	0	2	2	2	2	2	0	0	0	0
4_16548269_17760714	4	2	2	2	2	2	0	0	0	0	0	2	2	2	2	2	2	2	0	0	2	2	0	2	0	2	2	0	2	2	2	0	0	2	2	2	0	0	0	2	2	2	2	2	0	0	0	0
4_17760715_17891577	4	2	2	0	2	0	0	0	0	0	0	2	2	2	2	2	2	2	0	0	2	2	2	2	0	2	2	0	0	2	2	0	0	0	2	2	0	0	0	0	2	2	2	2	0	0	0	0
4_17891578_18006573	4	2	2	0	2	0	0	0	0	0	0	2	2	2	2	2	2	2	0	0	2	2	2	2	0	2	2	0	0	2	2	0	0	0	2	2	0	0	0	0	2	2	2	0	0	0	0	0
4_18006574_18163987	4	2	2	0	2	0	0	0	0	0	0	2	2	2	2	2	2	2	0	0	2	2	2	2	0	0	0	0	0	2	2	0	0	0	2	2	0	0	0	0	2	2	2	0	0	0	0	0
4_18163988_19410888	4	0	2	0	2	0	0	0	0	0	0	2	0	2	2	2	2	2	0	0	0	0	2	2	0	0	0	0	0	2	2	0	0	0	0	2	0	0	0	0	2	2	2	0	0	0	0	0
4_19410889_19491416	4	0	2	0	2	0	0	2	0	0	0	0	0	2	2	2	2	2	0	0	0	0	2	2	0	2	0	0	0	2	2	0	0	0	0	0	0	0	0	0	2	2	2	0	0	0	0	0
4_19491417_19561469	4	0	2	0	2	0	0	2	0	0	0	0	0	2	2	2	2	1	2	2	0	0	2	2	0	2	0	0	0	2	2	0	0	0	0	0	0	0	0	0	2	2	2	0	0	0	0	0
4_19561470_19752866	4	1	2	0	2	0	0	2	0	0	0	0	1	2	2	2	2	1	2	2	0	0	2	2	2	2	0	0	2	2	2	0	0	0	0	0	0	0	0	0	2	2	2	0	0	0	0	0
4_19752867_20743978	4	1	2	0	2	2	0	2	0	0	0	0	1	2	2	2	2	1	2	2	0	0	2	0	2	2	0	0	2	0	2	0	0	0	0	0	0	0	0	0	2	2	2	0	0	0	0	0
4_20743979_21092744	4	1	2	0	2	2	0	2	0	0	0	0	1	2	0	2	2	1	2	2	0	0	0	0	2	2	0	0	2	0	2	0	0	0	0	0	0	0	0	2	2	2	2	2	0	0	0	0
4_21092745_21501951	4	1	2	0	2	2	0	2	0	0	0	0	1	2	0	2	2	1	2	2	0	0	0	0	2	2	0	0	0	0	2	0	0	0	0	0	0	0	0	2	2	2	2	2	0	0	0	0
4_21501952_21633690	4	1	0	0	2	2	0	2	0	0	0	0	1	2	0	2	2	1	2	2	0	0	0	0	2	2	0	0	0	0	2	0	0	0	0	0	0	0	0	2	2	2	2	2	0	0	0	0
4_21633691_21718885	4	1	0	0	2	2	0	2	0	0	0	0	1	2	0	2	2	1	2	2	2	0	0	0	2	2	0	0	0	0	2	0	0	0	0	0	0	0	0	2	2	2	2	2	0	0	0	0
4_21718886_22137161	4	1	0	0	2	2	0	2	0	0	0	0	1	2	0	2	2	1	2	2	2	2	0	2	2	2	0	2	0	0	2	0	0	0	0	0	0	0	0	2	2	2	2	2	0	0	0	0
4_22137162_22375965	4	1	0	0	2	2	0	2	0	0	0	0	1	2	0	2	2	2	2	2	2	2	0	2	2	2	0	2	0	0	2	0	0	0	0	2	0	0	0	2	2	2	2	2	0	0	0	0
4_22375966_22469493	4	1	0	0	2	2	0	2	0	0	0	0	1	2	0	0	0	2	2	2	2	2	0	2	2	2	0	2	0	0	2	0	0	0	0	2	0	0	0	2	2	2	2	2	0	0	0	0
4_22469494_24419114	4	2	0	0	2	2	0	2	0	0	0	2	1	2	0	0	0	2	2	2	2	2	0	2	2	2	0	2	0	0	2	0	0	0	0	2	0	2	0	0	2	2	2	2	0	0	0	0
4_24419115_24614701	4	2	0	0	2	2	0	2	0	0	0	2	1	2	0	0	0	2	2	2	2	2	0	2	0	0	0	2	0	0	2	0	0	0	0	0	0	2	0	0	2	2	2	2	0	0	0	0
4_24614702_24733257	4	2	0	0	2	2	0	0	0	0	0	0	1	2	0	0	0	2	2	2	2	2	0	2	0	0	0	2	0	0	2	0	0	0	0	0	0	2	0	0	2	2	2	2	0	0	0	0
4_24733258_25272508	4	2	0	0	2	2	0	0	0	0	0	0	1	2	0	0	0	2	2	2	2	2	0	2	0	0	0	2	0	0	2	0	0	0	0	0	0	0	0	0	2	2	2	2	0	0	0	0
4_25272509_26123540	4	2	0	0	2	2	2	0	0	0	0	0	2	2	0	0	0	2	2	2	2	2	0	2	0	0	0	2	0	0	2	0	0	0	0	0	0	0	0	0	2	2	2	2	0	2	0	0
4_26123541_26181326	4	2	0	0	2	2	2	0	0	0	0	0	2	2	0	0	0	2	2	2	2	2	0	2	0	0	0	2	0	0	2	0	0	0	0	0	0	0	0	0	2	2	2	2	0	2	0	2
4_26181327_26264923	4	2	0	0	2	2	2	0	0	0	0	0	2	0	0	0	0	2	2	2	2	2	0	2	0	0	0	2	0	0	2	0	0	0	0	0	0	0	0	0	2	2	2	2	0	2	0	2
4_26264924_26879419	4	2	0	0	2	2	2	0	0	0	0	0	2	0	0	2	2	2	2	2	2	2	0	2	0	0	0	2	0	0	2	0	0	0	0	0	0	0	0	0	2	2	2	2	0	2	0	2
4_26879420_28853967	4	2	0	0	2	2	2	0	0	0	0	0	2	0	0	2	2	2	2	2	2	2	0	2	0	0	0	0	0	0	2	0	0	0	0	0	0	0	0	0	2	2	2	2	0	2	0	2
4_28853968_29483653	4	2	0	0	2	2	2	0	0	0	0	0	2	0	0	0	2	2	2	2	2	2	0	2	0	0	0	0	0	0	2	0	0	0	0	0	0	0	0	0	2	2	2	2	0	2	0	2
4_29483654_29723915	4	2	0	0	2	2	2	0	0	0	0	0	2	0	0	0	2	2	2	2	2	2	0	2	0	0	0	0	0	0	2	0	0	0	0	0	0	0	0	0	2	2	2	2	0	2	0	0
4_29723916_29989511	4	2	0	0	2	2	2	0	0	0	0	0	2	0	0	0	2	2	2	2	2	2	0	2	0	0	0	0	0	0	2	0	0	0	0	0	0	0	2	0	2	2	2	2	0	1	0	0
4_29989512_31420331	4	2	0	0	2	2	2	0	0	0	0	0	2	0	0	0	2	2	2	2	2	2	0	2	0	0	0	0	0	2	2	0	0	0	0	0	0	0	2	0	2	2	2	2	0	1	0	0
4_31420332_31511493	4	2	0	0	2	2	2	2	0	0	0	0	2	0	0	0	0	2	0	0	2	2	2	2	0	0	0	0	0	2	2	0	2	0	0	2	0	0	2	0	2	2	2	2	0	1	2	0
4_31511494_31779527	4	2	0	0	2	2	2	2	0	2	0	0	2	0	0	0	0	2	0	0	2	2	2	2	0	0	0	0	0	2	2	0	2	0	0	2	0	0	2	0	2	2	2	2	2	1	2	0
4_31779528_32615506	4	2	0	0	2	2	2	2	0	2	0	0	2	0	0	0	0	2	0	0	2	2	2	2	0	2	0	0	0	2	2	0	2	0	0	2	0	0	2	0	2	2	2	2	2	1	2	0
4_32615507_32898656	4	2	0	0	2	2	2	2	0	0	0	0	2	0	0	0	0	2	0	0	2	2	2	2	0	2	0	0	0	2	2	0	2	0	0	2	0	2	2	0	2	2	2	2	0	1	2	0
4_32898657_32949859	4	2	0	0	2	2	2	2	0	0	0	0	2	0	0	0	0	2	0	0	2	2	2	2	0	2	0	0	0	0	0	0	2	0	0	2	0	2	2	0	2	2	2	2	0	2	2	0
4_32949860_33398234	4	2	0	0	2	2	2	2	0	0	0	0	2	0	0	0	0	2	0	0	2	2	2	2	0	2	0	0	2	0	0	0	2	0	0	2	0	2	2	0	2	2	2	2	0	2	2	0
4_33398235_33790623	4	2	0	0	0	2	2	2	0	0	0	0	2	0	0	0	0	2	0	0	2	2	2	2	0	2	0	0	2	0	0	0	2	0	0	2	0	2	2	0	2	2	2	2	0	2	2	0
4_33790624_33965282	4	2	0	0	0	2	2	2	0	0	0	0	2	0	0	0	0	2	0	0	2	2	2	2	0	2	0	0	2	0	0	0	2	0	0	2	0	2	2	0	2	2	0	0	2	2	0	0
4_33965283_35435056	4	2	0	0	0	2	2	2	0	0	0	0	2	0	0	0	0	2	0	0	2	2	2	2	0	2	2	0	2	0	0	0	2	0	0	2	2	2	2	0	2	2	0	0	2	2	0	0
5_1_1809784	5	0	0	0	2	2	0	2	2	2	2	0	0	0	2	2	2	0	2	2	0	0	0	0	0	2	0	0	2	0	0	2	2	0	0	0	2	0	0	0	2	2	2	2	2	0	2	0
5_1809785_2398763	5	0	0	0	2	2	0	2	2	2	0	0	0	0	2	0	0	0	2	2	0	0	0	0	2	2	0	0	2	0	0	2	2	0	0	0	2	0	0	0	2	2	2	2	2	0	2	0
5_2398764_2591106	5	0	0	0	2	2	0	2	0	2	0	0	0	0	2	0	0	0	2	2	0	0	0	0	2	2	0	0	2	0	0	2	2	0	0	0	2	0	2	0	2	2	2	2	2	0	2	0
5_2591107_3006098	5	0	0	0	2	2	0	2	0	2	0	0	0	0	0	0	0	0	2	2	0	0	0	0	2	2	0	0	2	0	0	2	2	0	0	0	2	2	2	0	2	2	0	2	2	0	2	0
5_3006099_3724154	5	0	0	0	2	2	0	2	0	2	0	0	0	0	0	0	0	0	2	2	0	0	0	0	2	2	0	0	2	0	0	2	2	0	0	0	2	2	2	0	2	2	0	2	2	2	2	0
5_3724155_3774930	5	0	0	0	2	2	0	2	0	2	0	0	0	0	0	0	0	0	2	2	0	0	0	0	2	2	0	0	2	0	0	2	0	0	0	0	2	2	2	0	2	2	0	2	2	2	2	0
5_3774931_4027869	5	0	0	0	2	2	0	2	0	2	0	0	0	2	2	0	0	0	2	2	0	0	0	0	2	2	0	0	2	0	0	2	0	0	0	0	2	2	2	0	0	2	0	2	2	2	2	0
5_4027870_4411695	5	2	0	0	2	0	0	2	0	2	0	0	2	2	2	0	0	2	2	2	2	0	0	0	2	2	0	0	2	0	0	2	0	0	0	2	0	2	0	0	0	2	0	2	2	2	0	0
5_4411696_4981384	5	2	0	0	2	0	0	2	0	2	0	0	2	2	2	0	0	2	2	2	2	0	0	0	2	2	0	0	2	0	0	2	0	0	0	2	0	2	0	0	2	2	0	2	2	2	0	0
5_4981385_5156232	5	2	0	0	2	0	0	2	0	2	2	0	2	2	2	0	0	2	2	2	0	0	0	0	2	2	0	0	2	0	0	2	0	0	0	2	0	2	0	0	2	2	0	2	2	2	0	0
5_5156233_5222494	5	0	0	0	2	0	0	2	0	2	2	0	0	2	2	0	0	0	2	2	0	0	0	0	2	2	0	0	0	0	0	2	2	0	2	2	0	2	0	2	0	2	0	2	2	2	0	0
5_5222495_5638236	5	0	0	0	2	0	0	2	0	2	2	0	0	2	2	0	0	0	2	2	0	0	0	0	0	2	0	0	0	0	0	2	2	0	2	2	0	2	0	2	0	2	0	2	2	2	0	0
5_5638237_5917262	5	2	0	0	2	0	0	2	0	2	2	2	2	2	2	0	0	2	2	2	0	0	0	0	0	2	0	0	2	0	0	2	2	0	2	2	0	2	0	2	2	2	0	2	2	2	0	0
5_5917263_6137481	5	0	0	0	2	0	0	2	0	2	2	2	2	2	2	0	0	2	2	2	0	0	0	0	0	2	0	0	2	0	0	2	2	0	2	2	0	2	0	2	0	2	0	2	2	2	0	0
5_6137482_6300278	5	0	0	0	2	2	0	2	0	2	2	2	2	2	2	0	0	2	2	2	0	0	0	0	0	2	0	0	2	0	0	2	2	0	2	2	0	2	0	2	0	2	0	2	2	2	0	0
5_6300279_6434899	5	0	0	0	2	2	0	2	0	2	2	2	0	2	2	0	0	0	2	2	0	0	0	0	0	2	0	0	2	0	0	2	2	0	2	2	0	2	0	2	0	2	0	2	2	2	0	0
5_6434900_6569791	5	0	0	0	2	2	0	2	0	2	2	0	0	2	2	0	0	0	2	2	0	0	0	0	0	2	0	0	0	0	0	2	2	0	2	2	0	2	0	2	0	2	0	2	2	2	0	0
5_6569792_6644558	5	0	0	0	2	2	0	2	0	2	2	0	0	2	2	0	0	0	2	2	0	0	0	0	0	2	0	0	0	0	0	2	2	0	2	2	0	2	0	2	0	2	0	0	2	2	0	0
5_6644559_6977922	5	2	0	0	2	2	0	2	0	2	2	0	0	2	2	0	0	0	2	2	0	0	0	0	0	0	0	0	0	0	0	2	2	0	2	2	0	2	0	2	0	2	0	0	2	2	0	0
5_6977923_7077220	5	2	0	0	2	2	0	2	0	2	2	0	0	2	2	0	0	0	2	2	0	2	0	0	0	0	0	0	0	0	0	2	2	0	2	2	0	2	0	2	0	2	0	0	2	2	0	0
5_7077221_7153752	5	2	0	0	2	2	2	2	0	2	2	2	2	2	2	0	0	2	2	2	0	2	0	0	2	0	0	0	0	0	0	2	2	0	2	2	0	2	0	0	0	0	0	0	2	2	0	0
5_7153753_10119544	5	2	0	0	2	2	2	2	0	2	2	2	2	2	2	0	0	2	2	2	0	2	0	0	2	0	0	0	2	0	0	2	2	0	2	2	0	2	0	0	2	0	0	0	2	2	2	0
5_10119545_10335549	5	2	0	0	2	2	2	2	0	2	2	2	2	2	2	0	0	2	2	2	0	2	0	0	2	0	0	0	2	0	0	2	2	2	2	2	0	2	0	0	2	0	0	0	2	2	2	0
5_10335550_11308488	5	2	0	0	2	2	2	2	0	2	2	2	2	2	2	0	0	2	2	2	0	2	0	0	2	0	0	0	2	0	0	2	2	2	2	2	0	2	0	0	2	0	0	0	2	2	0	0
5_11308489_11410102	5	2	0	0	2	2	2	2	0	2	2	2	2	2	2	2	0	2	2	2	0	2	0	0	2	0	0	0	2	0	0	2	2	2	2	2	0	2	0	0	2	0	0	0	2	2	0	0
5_11410103_12440324	5	2	0	0	0	2	2	2	0	2	2	2	2	2	2	2	0	2	2	2	0	2	0	0	2	0	0	0	2	0	0	2	2	2	2	2	0	2	0	0	2	0	0	0	2	2	0	0
5_12440325_12726489	5	2	0	0	0	2	2	2	0	2	2	2	2	2	2	2	0	2	2	2	2	2	0	0	2	0	0	0	2	0	0	2	2	2	2	2	0	2	0	0	2	0	0	0	2	2	0	0
5_12726490_14939595	5	2	0	0	0	2	2	2	0	2	2	2	2	2	2	2	0	2	2	2	2	2	0	0	2	2	0	0	2	0	0	2	2	2	2	2	0	2	0	0	2	0	0	0	2	2	0	0
5_14939596_15372204	5	2	0	0	0	2	2	2	0	2	2	2	2	2	2	2	0	2	2	2	2	2	0	0	2	2	0	0	2	0	0	2	2	2	2	2	0	0	0	0	2	0	0	0	2	2	0	0
5_15372205_16463898	5	2	0	0	0	2	2	2	0	2	2	2	2	2	2	2	0	2	2	2	2	2	0	0	2	2	0	0	2	0	0	2	2	2	2	0	0	0	0	0	2	0	0	0	2	2	0	0
5_16463899_17081932	5	2	0	0	0	2	2	2	0	2	2	2	2	2	2	2	0	2	2	2	2	2	0	0	2	2	0	0	2	0	0	2	2	2	2	0	0	0	0	0	2	0	0	0	2	2	0	2
5_17081933_17399822	5	2	0	0	0	2	2	2	0	2	2	2	2	2	2	0	0	2	2	2	2	2	0	0	2	2	0	0	2	0	0	2	2	2	2	0	0	0	0	0	2	0	0	0	2	2	0	2
5_17399823_17969024	5	2	0	0	0	2	0	2	0	2	2	2	2	2	2	0	0	2	2	2	2	2	0	0	2	2	0	0	2	0	0	2	2	2	2	0	0	0	0	0	2	0	0	0	2	2	0	2
5_17969025_19481890	5	2	0	0	0	2	0	2	0	2	2	0	2	2	2	0	0	2	2	2	0	2	0	0	2	2	0	0	0	0	0	2	2	2	2	0	0	0	0	0	2	0	0	2	2	2	0	2
5_19481891_19798961	5	2	0	2	0	2	0	2	0	0	2	0	2	0	0	2	2	2	2	2	0	2	0	2	2	2	0	0	0	0	0	2	2	0	2	2	0	2	0	0	2	0	0	2	0	2	2	2
5_19798962_19935704	5	2	0	2	0	2	0	2	0	0	2	0	2	0	0	2	2	2	2	2	0	0	0	2	2	2	0	0	0	0	0	2	2	0	2	2	0	2	0	0	2	0	0	2	0	2	2	2
5_19935705_20459658	5	2	0	2	0	2	0	2	0	0	2	0	2	0	0	2	2	2	2	2	0	0	2	2	2	2	0	0	0	0	0	2	2	0	2	2	0	2	0	2	2	0	0	2	0	2	2	2
5_20459659_22927639	5	2	0	2	0	2	0	2	0	0	2	0	2	2	2	2	2	2	2	2	0	0	2	2	2	2	0	0	0	0	0	2	2	0	2	2	0	2	0	2	2	0	0	2	0	2	2	2
5_22927640_23098718	5	2	0	2	0	2	0	2	0	0	2	0	2	2	2	2	2	2	2	2	0	0	2	2	2	2	0	2	0	0	0	2	0	0	2	2	0	2	0	2	2	0	0	2	0	2	2	2
5_23098719_23293501	5	2	0	2	0	2	0	2	0	0	2	0	2	2	2	2	2	2	2	2	0	0	2	2	2	2	0	2	0	0	0	2	0	0	2	0	0	2	0	0	2	0	0	2	0	2	2	2
5_23293502_23458949	5	2	0	2	0	2	0	0	0	0	2	0	2	2	2	2	2	2	2	2	0	0	2	2	2	2	0	2	0	0	0	2	0	0	2	0	0	2	0	0	2	0	0	2	0	2	2	2
5_23458950_23556843	5	2	0	2	0	2	0	0	2	2	2	0	2	2	2	2	2	2	2	2	0	0	2	2	2	2	0	2	2	0	0	2	0	0	2	0	0	2	0	0	2	0	0	2	0	2	2	2
5_23556844_23650086	5	2	0	2	0	2	0	0	2	2	2	0	2	2	2	0	2	2	2	2	0	0	2	2	2	2	0	2	2	0	0	2	0	0	2	0	0	2	0	0	2	0	0	2	0	2	2	2
5_23650087_23920632	5	2	2	2	0	2	0	0	2	2	2	0	2	2	2	0	2	2	2	2	0	0	2	2	2	2	0	2	2	0	0	2	0	0	2	0	0	2	0	0	2	0	0	2	0	2	2	2
5_23920633_24127557	5	2	2	2	0	2	0	0	2	2	2	0	2	0	0	0	2	2	2	2	0	0	2	2	2	2	0	2	2	0	0	2	0	0	2	0	0	2	0	0	2	0	0	2	0	2	2	2
5_24127558_24740878	5	1	2	2	0	2	0	0	2	2	2	0	1	0	0	0	2	1	2	2	0	0	2	2	2	1	0	2	2	0	0	2	0	0	2	0	0	2	0	0	2	0	0	2	0	2	2	2
5_24740879_25195530	5	1	2	2	0	2	0	0	2	2	2	2	1	0	0	0	2	1	2	2	0	0	2	2	2	1	0	2	2	0	0	2	0	0	2	0	0	2	0	0	2	0	0	2	0	2	2	2
5_25195531_25264955	5	1	2	2	0	2	0	0	2	2	2	2	1	0	0	0	2	1	2	2	0	0	2	2	2	1	0	2	2	0	0	2	0	0	2	0	0	0	0	0	2	0	0	2	0	2	0	2
5_25264956_25533441	5	1	2	2	0	2	0	0	2	2	2	2	1	0	0	0	2	1	2	2	0	0	2	0	2	1	0	2	2	0	0	2	0	0	2	0	0	0	0	0	2	0	0	2	0	2	0	2
5_25533442_25586318	5	1	2	2	0	2	0	0	2	2	2	2	1	0	0	0	2	1	2	2	0	0	2	0	2	1	0	2	2	0	0	2	0	0	2	0	0	0	0	0	2	0	0	2	0	2	0	0
5_25586319_26640840	5	1	2	2	0	2	0	0	2	2	2	2	1	0	0	0	2	1	2	2	0	0	2	0	2	1	0	0	2	0	0	2	0	0	2	0	0	0	0	0	2	0	0	2	0	2	0	0
5_26640841_26928634	5	1	2	2	0	2	0	0	2	2	2	2	1	0	0	0	2	1	2	2	2	0	2	0	2	1	0	0	2	0	0	2	0	0	2	0	0	0	0	0	2	0	0	2	0	2	0	0
5_26928635_26987391	5	1	2	2	0	2	0	0	2	2	0	2	1	0	0	0	2	1	2	2	2	0	2	0	2	1	0	0	2	0	0	2	0	0	0	0	0	0	0	0	2	0	0	2	0	2	0	0
5_26987392_27145791	5	2	2	2	0	0	0	0	2	2	0	2	2	0	0	0	0	2	0	0	2	0	0	0	2	1	0	0	0	0	0	2	0	0	0	0	0	0	0	0	2	2	0	2	2	2	0	0
5_27145792_27209023	5	2	2	2	0	0	0	0	2	2	0	2	2	0	0	0	0	2	0	0	2	0	0	0	0	1	0	0	0	0	0	2	0	0	0	0	0	0	0	0	2	2	0	2	2	2	0	0
5_27209024_27387163	5	2	2	2	0	0	0	0	2	2	0	2	2	0	0	0	0	2	0	0	2	0	0	0	0	2	0	0	0	0	0	2	0	0	0	0	0	0	0	0	2	2	0	2	2	2	0	0
5_27387164_27650149	5	2	2	2	0	2	0	0	2	2	0	0	2	0	0	0	0	2	0	0	2	2	0	0	0	2	0	0	0	0	0	2	0	0	0	0	0	0	0	0	2	2	0	2	2	2	0	0
5_27650150_28570211	5	2	2	2	0	2	0	0	2	2	0	0	2	0	0	2	2	2	0	0	2	2	0	0	0	2	0	0	0	0	0	2	0	0	0	0	0	0	0	0	2	2	0	2	2	2	0	0
5_28570212_29903499	5	2	2	2	0	2	0	0	2	2	0	0	2	0	0	2	2	2	0	0	2	2	0	0	0	2	0	0	0	0	0	2	0	0	0	0	0	0	0	0	2	2	2	2	2	2	0	0
6_1_4295628	6	2	2	2	0	2	0	2	2	2	0	0	2	0	0	2	2	2	0	0	2	0	2	0	2	2	0	0	2	2	2	0	0	0	2	2	2	0	0	0	2	2	2	2	2	0	2	2
6_4295629_4605040	6	2	2	2	0	2	0	2	2	2	0	0	2	0	0	2	2	2	0	0	2	0	2	0	2	2	0	0	2	2	2	0	0	0	2	2	2	0	0	0	2	2	2	2	2	2	2	2
6_4605041_5243608	6	2	2	2	0	2	0	2	2	2	0	0	2	0	0	2	2	2	0	0	2	0	2	0	2	2	0	0	2	2	2	0	0	0	0	2	2	0	0	0	2	2	2	2	2	2	2	2
6_5243609_5630537	6	2	2	2	0	2	0	2	2	2	0	0	2	0	0	2	2	2	0	0	2	0	0	0	2	2	0	0	2	2	2	0	0	0	0	2	2	0	0	0	2	2	2	2	2	2	2	2
6_5630538_5864439	6	2	2	2	0	2	0	2	2	2	0	0	2	0	0	0	0	2	0	0	2	0	0	0	2	2	0	0	2	2	2	0	0	0	0	2	2	0	0	0	2	2	2	2	2	2	2	2
6_5864440_7930737	6	0	2	2	0	2	0	2	2	2	0	0	2	2	2	0	0	2	0	0	2	2	2	0	2	2	0	2	2	2	2	0	0	0	0	2	2	2	0	0	2	2	2	2	2	2	2	2
6_7930738_8433069	6	0	2	2	0	2	0	2	2	2	0	0	0	2	2	0	0	0	0	0	0	2	2	2	2	2	0	2	2	2	2	2	2	0	0	2	0	0	0	2	0	0	2	2	2	2	2	2
6_8433070_8695733	6	0	2	2	0	2	0	2	2	2	0	0	0	2	2	0	0	0	0	0	0	2	2	2	2	2	0	2	2	2	2	2	2	0	0	2	0	0	0	2	2	2	2	2	2	2	2	2
6_8695734_8768922	6	0	2	2	0	2	0	2	2	2	0	0	0	2	2	0	0	0	0	0	0	2	2	2	2	2	2	2	2	2	2	2	2	0	0	2	0	0	0	2	2	2	2	2	2	2	2	2
6_8768923_9365737	6	0	2	2	0	2	2	2	2	2	0	0	0	2	2	0	0	0	0	0	0	2	2	2	2	2	2	2	2	2	2	2	0	0	0	2	0	0	0	2	2	2	2	2	2	2	2	2
6_9365738_9750430	6	0	2	2	0	2	2	2	2	2	0	0	0	2	2	0	0	0	0	0	0	2	2	2	2	2	2	2	2	2	2	2	2	0	0	2	0	0	0	2	2	2	2	2	2	2	2	2
6_9750431_9867218	6	0	2	2	0	2	2	2	2	2	0	2	0	2	2	0	0	0	0	0	0	2	2	2	2	2	2	2	2	2	2	2	2	0	0	2	0	2	0	2	2	2	2	2	2	2	2	2
6_9867219_10611692	6	2	2	2	0	2	2	2	2	2	0	2	2	2	2	0	0	2	0	0	2	2	2	2	2	2	2	2	2	2	2	2	2	0	0	2	0	2	0	2	2	2	2	2	2	2	2	2
6_10611693_11273401	6	2	2	2	0	2	2	2	2	2	0	2	2	2	2	0	0	2	0	0	2	2	2	2	2	2	0	2	2	2	2	2	2	0	0	2	0	2	0	2	2	2	2	2	2	2	2	2
6_11273402_11614959	6	2	2	2	0	2	2	2	2	2	0	2	2	2	2	0	0	2	0	0	2	2	2	2	2	0	0	2	2	2	2	2	2	0	0	2	0	2	0	2	2	2	2	2	2	2	2	2
6_11614960_12000187	6	2	2	2	0	2	2	2	2	2	0	0	2	2	2	0	0	2	0	0	2	2	2	2	2	0	0	2	0	2	2	2	2	0	0	2	0	0	0	2	2	2	2	2	2	2	2	2
6_12000188_12076142	6	2	2	2	0	2	2	2	2	2	0	0	2	2	2	0	0	2	0	0	2	2	2	2	2	0	0	2	0	2	2	0	2	0	0	2	0	0	0	2	2	2	2	2	2	2	2	2
6_12076143_12546134	6	2	2	0	0	2	2	2	2	2	0	0	2	2	2	0	0	2	0	0	2	2	2	2	2	0	0	2	0	2	2	0	2	0	0	2	0	0	0	2	2	2	2	2	2	2	2	2
6_12546135_12811352	6	2	2	0	0	0	2	0	2	2	0	0	2	2	2	0	0	2	0	0	2	2	2	2	2	0	0	2	0	2	2	0	0	0	0	0	0	0	0	2	2	2	2	2	2	2	0	2
6_12811353_13170604	6	2	2	0	0	0	0	0	2	2	0	0	2	2	2	0	0	2	0	0	2	2	2	2	2	0	0	2	0	2	2	0	0	0	0	0	0	0	0	2	2	2	2	2	2	2	0	2
6_13170605_14537609	6	2	2	0	0	0	0	0	2	2	0	0	2	2	2	0	0	2	0	0	2	2	2	2	2	0	0	2	0	2	2	0	0	0	0	0	0	0	0	2	2	2	2	2	2	0	0	2
6_14537610_20196067	6	2	2	0	2	0	0	0	2	2	0	0	2	2	2	0	0	2	0	0	2	2	2	2	2	0	0	2	0	2	2	0	0	0	0	0	0	0	0	2	2	2	2	2	2	0	0	2
6_20196068_20583755	6	2	2	0	2	0	0	0	2	2	2	0	2	2	2	0	0	2	0	0	2	2	2	2	2	0	0	2	0	2	2	0	0	0	0	0	0	0	0	2	2	2	2	2	2	0	0	2
6_20583756_22207884	6	2	2	0	2	0	0	0	2	2	2	0	0	2	2	0	0	2	0	0	0	2	2	2	2	0	0	2	0	2	2	0	0	0	0	0	0	0	0	2	2	2	2	2	2	0	0	0
6_22207885_22308876	6	2	2	0	2	0	0	0	2	2	2	0	0	2	2	0	0	2	0	0	0	0	0	0	0	0	0	2	0	2	2	0	0	0	0	0	0	0	0	2	2	2	2	2	0	0	0	0
6_22308877_22363435	6	2	2	0	2	0	0	0	2	2	2	0	0	2	2	0	0	2	0	0	0	0	0	0	0	0	0	2	0	2	2	0	0	0	0	0	0	0	0	2	2	2	2	0	0	0	0	0
6_22363436_22414998	6	2	2	0	2	0	0	0	2	2	2	0	0	2	2	0	0	2	0	0	0	0	0	0	0	0	0	2	0	2	2	0	0	0	0	0	0	0	2	2	2	2	2	0	0	0	0	0
6_22414999_22528978	6	2	2	0	2	0	0	0	2	2	0	0	0	2	2	0	0	2	0	0	0	0	0	0	0	0	0	2	0	2	2	0	0	0	0	0	0	0	2	2	2	2	2	0	0	0	0	0
6_22528979_22685913	6	2	2	0	2	0	0	0	2	2	0	0	2	2	2	0	0	2	0	0	2	0	0	0	0	0	0	2	2	2	2	0	0	0	0	0	0	2	2	2	2	2	2	0	0	2	0	0
6_22685914_22811124	6	2	2	0	2	0	0	0	2	2	0	2	2	2	2	0	0	2	0	0	2	0	0	0	0	0	0	2	2	2	2	0	0	0	0	0	0	2	2	2	2	2	2	0	0	2	0	0
6_22811125_23386049	6	2	2	0	2	0	0	0	2	2	0	2	2	2	2	0	0	2	0	0	2	0	0	0	0	0	0	2	2	2	2	0	0	0	0	0	0	2	2	2	2	2	2	0	0	2	2	0
6_23386050_23589856	6	2	2	0	2	0	0	2	2	2	0	2	2	2	2	0	0	2	0	0	2	0	0	0	0	0	0	2	2	2	2	0	0	0	0	2	0	2	2	2	2	2	2	0	0	2	2	0
6_23589857_23838867	6	2	2	0	2	0	0	2	2	2	0	2	2	2	2	0	0	2	0	0	2	0	0	0	0	0	0	2	2	0	2	0	0	0	2	2	0	2	2	2	2	2	2	0	0	2	2	0
6_23838868_24354876	6	2	2	0	2	0	0	2	2	2	0	0	2	2	2	0	0	2	0	0	2	0	0	0	0	0	0	2	2	0	2	0	0	0	2	2	0	2	2	2	2	2	2	0	0	2	2	0
6_24354877_24459270	6	2	0	0	2	0	0	2	2	2	0	0	2	2	2	0	0	2	0	0	2	0	0	0	0	0	0	2	2	0	2	2	0	0	2	0	0	2	2	2	2	2	2	0	0	2	2	0
6_24459271_24681503	6	2	0	0	2	0	0	2	2	2	0	0	2	2	2	0	0	2	0	0	2	0	0	0	0	2	0	2	2	0	2	2	0	0	2	0	0	2	2	2	2	2	2	0	0	2	2	2
6_24681504_25409335	6	2	0	0	2	2	0	2	2	2	0	0	2	2	2	0	0	2	0	0	2	0	0	0	0	2	0	2	2	0	2	2	0	0	2	0	0	2	2	2	2	2	2	0	0	2	2	2
6_25409336_26555936	6	2	0	0	2	2	0	2	2	2	0	0	2	2	2	0	0	2	0	0	2	0	0	0	0	2	0	2	2	0	0	2	0	0	2	0	0	2	2	2	2	2	2	0	0	2	2	2
6_26555937_26612873	6	2	0	0	2	2	0	2	2	0	0	0	2	2	2	0	0	2	0	0	2	0	0	0	0	2	0	2	2	0	0	2	0	0	2	0	0	2	2	2	2	2	2	0	0	2	2	2
6_26612874_26845384	6	2	0	0	2	2	0	2	2	0	0	0	2	0	2	0	0	2	0	0	2	0	0	0	0	2	0	0	2	0	0	2	0	0	2	0	0	0	2	2	2	2	2	0	0	2	2	2
6_26845385_26956748	6	2	0	0	2	2	2	2	2	0	0	0	2	0	2	0	0	2	2	2	2	0	0	0	0	2	0	0	2	0	0	2	0	2	0	0	0	0	2	2	2	2	2	0	0	2	2	0
6_26956749_28626615	6	2	0	0	2	2	2	2	2	0	0	0	2	0	0	0	0	2	2	2	2	0	0	0	0	2	0	0	2	0	0	2	0	2	0	0	0	0	2	2	2	2	2	0	0	2	2	0
6_28626616_28772382	6	2	2	0	2	2	2	2	2	2	0	0	2	0	0	0	0	2	2	2	2	0	0	0	0	2	0	0	2	0	0	2	0	2	0	0	0	0	2	2	2	2	2	0	2	2	2	0
6_28772383_29705372	6	2	2	0	2	2	2	2	2	2	0	0	2	0	0	0	0	2	2	2	2	0	0	0	0	2	0	0	2	0	0	2	0	2	0	0	0	0	2	2	2	2	0	0	2	2	2	0
6_29705373_30230002	6	2	2	0	2	2	2	2	2	2	0	0	2	0	0	0	0	2	2	2	2	2	0	0	0	0	0	2	0	0	0	2	2	2	0	2	0	0	2	2	2	2	0	2	2	2	2	0
6_30230003_30922572	6	2	2	0	2	2	2	2	2	2	0	0	2	0	0	0	0	2	2	2	2	2	0	0	0	0	0	2	0	2	2	2	2	2	0	2	0	0	2	2	2	2	0	2	2	2	2	0
7_1_1699608	7	2	2	0	2	2	0	0	0	0	0	2	2	2	2	0	0	2	0	0	2	2	0	2	0	0	0	2	0	0	0	0	0	0	0	2	2	2	2	0	2	2	2	0	0	2	0	2
7_1699609_2573811	7	2	2	0	2	2	0	0	0	0	0	2	2	2	2	0	0	2	0	0	2	2	0	2	0	0	0	2	2	0	0	0	0	0	0	2	2	2	2	0	2	2	2	0	0	2	0	2
7_2573812_3154530	7	2	2	0	2	2	0	0	0	0	0	0	2	2	2	0	0	2	0	0	2	2	0	2	0	0	0	2	2	0	0	0	0	0	0	2	2	0	2	0	2	2	2	0	0	2	0	2
7_3154531_9507966	7	2	2	2	2	2	0	0	0	0	0	0	2	2	2	0	0	2	0	0	2	2	0	2	0	0	0	2	2	0	0	0	0	0	0	2	2	0	2	0	2	2	2	0	0	2	0	2
7_9507967_9722006	7	2	2	2	2	2	0	0	0	0	0	0	2	2	2	0	0	2	0	0	2	2	0	2	0	0	0	2	2	0	0	0	0	0	0	2	2	0	2	0	2	2	0	0	0	2	0	2
7_9722007_9780547	7	2	2	2	2	2	0	0	0	0	0	0	2	2	2	0	0	2	0	0	2	2	0	2	0	0	0	2	0	0	0	0	0	0	0	2	2	0	2	0	2	2	0	0	0	2	0	2
7_9780548_13682035	7	2	0	2	2	2	0	0	0	0	0	0	2	2	2	0	0	2	0	0	2	2	0	2	0	0	0	0	0	0	0	0	0	0	0	2	2	0	2	0	2	2	0	0	0	2	0	2
7_13682036_15423687	7	2	0	2	2	2	0	0	0	0	0	0	2	2	2	0	0	2	0	0	0	2	0	2	0	0	0	0	0	0	0	0	0	0	0	2	2	0	2	0	2	2	0	0	0	2	0	2
7_15423688_15691865	7	2	0	2	2	2	0	0	0	2	0	0	2	2	2	0	0	2	2	2	0	2	2	2	0	0	0	0	0	2	2	0	0	2	0	2	2	2	2	0	2	2	0	2	2	2	0	0
7_15691866_17470793	7	2	0	2	2	2	0	0	0	2	0	0	2	2	2	0	0	2	2	2	0	2	2	2	0	0	0	0	0	2	2	0	0	2	0	2	2	2	2	0	2	2	0	2	2	0	0	0
7_17470794_17783490	7	2	2	2	2	2	0	0	0	2	0	0	2	2	2	0	0	2	2	2	0	2	2	2	0	0	0	0	0	2	2	0	0	2	0	2	2	2	2	0	2	2	2	2	2	0	0	0
7_17783491_18005084	7	2	2	2	2	2	0	0	0	2	0	0	2	2	2	0	0	2	2	2	0	2	2	2	0	0	0	0	0	2	2	0	0	2	0	2	2	2	2	2	2	2	2	2	2	0	0	0
7_18005085_18232183	7	2	2	2	2	2	0	0	0	2	0	0	2	2	2	0	0	2	2	2	0	2	2	2	0	2	0	0	0	2	2	0	0	2	0	2	2	2	2	2	2	2	2	2	2	0	2	0
7_18232184_18312455	7	2	2	2	2	0	0	0	0	2	0	0	2	2	2	0	0	2	2	2	2	2	2	2	0	2	0	0	0	2	2	0	0	2	0	2	2	2	2	2	2	2	2	2	2	0	2	0
7_18312456_18578325	7	2	2	2	2	0	0	0	0	2	0	0	2	2	2	0	0	2	2	2	2	2	2	2	0	2	0	0	0	2	2	0	0	2	0	2	2	2	2	2	2	2	2	2	2	2	2	0
7_18578326_18893378	7	2	2	2	2	0	0	0	0	2	0	0	2	2	2	0	0	2	2	2	2	2	2	2	0	2	0	0	2	2	2	0	0	2	0	2	2	2	2	2	2	2	2	2	2	2	2	0
7_18893379_19120990	7	2	2	2	2	0	0	0	0	2	0	0	2	2	2	0	0	2	0	0	2	2	2	2	0	2	0	0	2	2	2	0	0	2	0	2	2	2	2	2	2	2	2	2	2	2	2	0
7_19120991_20839010	7	2	2	2	2	0	0	0	0	2	0	0	2	2	2	0	0	2	0	0	2	2	2	2	0	2	0	0	2	2	2	0	0	2	0	2	2	2	2	2	2	2	2	2	2	0	2	0
7_20839011_21030878	7	2	0	0	0	0	0	0	0	0	0	0	2	0	0	0	0	2	0	0	2	0	0	0	0	0	0	0	2	0	0	0	0	0	0	0	0	0	2	0	2	2	0	0	0	0	0	0
7_21030879_22092905	7	2	0	0	0	0	0	0	0	0	2	2	2	0	0	0	0	2	0	0	2	0	0	0	0	0	0	0	2	0	0	0	0	0	0	0	0	0	2	0	2	2	0	0	0	0	0	0
7_22092906_22697089	7	2	0	0	0	0	0	0	0	0	2	0	2	0	0	0	0	2	0	0	0	0	0	0	0	0	0	0	2	0	0	0	0	0	0	0	0	0	2	0	2	2	0	0	0	0	0	0
7_22697090_22996263	7	0	0	0	0	0	0	0	0	0	2	0	0	0	0	0	0	0	0	0	0	0	0	0	0	0	0	0	0	0	0	0	0	0	0	0	0	0	0	0	0	0	0	0	0	0	0	0
7_22996264_24102659	7	2	0	0	0	0	0	0	0	0	2	0	2	0	0	0	0	2	0	0	0	0	0	0	0	0	0	0	2	0	0	0	0	0	0	0	0	0	0	0	2	2	0	0	0	2	0	0
7_24102660_24434771	7	2	2	0	2	2	0	2	2	0	2	0	2	0	0	0	0	2	0	0	0	0	2	0	0	2	0	0	2	2	2	0	0	0	0	2	2	2	2	0	2	2	2	2	0	2	0	0
7_24434772_25412978	7	2	2	0	2	2	0	2	2	0	2	0	0	0	0	0	0	2	0	0	0	0	2	0	0	2	0	0	2	2	2	0	0	0	0	2	2	2	2	0	2	2	2	2	0	2	0	0
7_25412979_25894048	7	2	2	0	0	2	0	2	2	0	2	0	0	0	0	0	0	2	0	0	0	0	2	0	0	2	0	0	2	2	2	0	0	0	0	2	2	2	2	0	2	2	2	2	0	2	0	0
7_25894049_26099337	7	2	2	0	0	2	0	2	2	0	0	0	0	0	0	0	0	2	0	0	0	0	2	0	0	2	0	0	2	2	2	0	0	0	0	2	2	2	2	0	2	2	2	2	0	2	0	0
7_26099338_26447274	7	2	2	0	0	2	0	2	2	0	0	0	0	0	0	0	0	2	0	0	0	2	2	2	0	2	0	0	2	2	2	0	0	0	0	2	2	2	2	0	2	2	2	2	0	2	0	0
7_26447275_26499758	7	2	2	0	0	2	0	2	2	0	0	0	0	0	0	0	0	2	0	0	0	2	2	2	0	2	0	2	2	2	2	0	0	0	0	2	2	2	2	0	2	2	2	2	0	2	0	0
7_26499759_26555858	7	2	2	0	0	2	2	2	2	0	0	0	2	0	0	0	0	2	0	0	0	2	2	2	0	2	0	2	2	2	2	0	0	0	0	2	2	2	2	0	2	2	2	2	0	2	0	0
7_26555859_26943581	7	2	0	0	0	2	2	2	2	0	0	0	2	0	0	0	0	2	0	0	0	2	2	2	0	2	0	2	2	2	2	0	0	0	0	2	2	2	2	0	2	2	2	2	0	2	0	0
7_26943582_27013540	7	2	0	0	0	2	2	2	2	0	0	0	2	0	0	0	0	2	0	2	0	2	2	2	0	2	0	2	2	2	2	0	0	0	0	2	2	2	2	0	2	2	2	2	0	2	0	0
7_27013541_27550842	7	2	0	0	0	2	2	2	2	0	0	0	2	0	0	0	0	2	0	2	0	2	2	2	0	2	0	2	2	2	2	0	0	0	0	2	2	2	2	0	2	2	2	2	0	2	2	0
7_27550843_27800158	7	2	0	0	0	2	2	2	2	0	0	0	2	0	0	0	0	2	0	2	0	2	2	2	0	2	0	2	2	2	2	0	0	0	0	2	2	2	2	0	2	2	2	2	0	2	2	2
7_27800159_28247367	7	0	0	0	0	2	2	2	2	0	0	0	2	0	0	0	0	0	0	0	0	2	2	2	0	2	0	2	2	2	2	0	0	0	0	2	2	2	2	0	1	2	2	2	0	0	2	2
7_28247368_29000505	7	0	0	0	0	2	2	2	2	0	0	0	2	0	0	0	0	0	0	0	0	2	2	2	0	2	0	2	2	2	2	0	0	0	0	0	2	2	2	0	1	2	2	0	0	0	2	2
7_29000506_29434212	7	0	0	0	0	2	0	2	2	0	0	0	0	0	0	0	0	0	0	0	0	2	2	2	0	2	0	2	2	2	2	0	0	0	0	0	2	2	2	0	0	0	2	0	0	0	2	2
7_29434213_29691564	7	2	0	0	0	2	0	2	2	0	0	0	2	0	0	0	0	2	0	0	2	0	2	0	0	2	0	2	2	2	2	0	0	0	0	0	2	2	2	0	2	2	2	0	0	2	2	2
8_1_2089788	8	2	2	2	2	2	0	2	0	0	0	2	2	0	2	0	0	2	0	0	2	0	0	0	0	0	0	0	0	2	2	2	0	2	0	2	0	2	2	2	0	0	0	2	0	2	2	2
8_2089789_2797175	8	2	2	2	2	2	0	2	0	0	0	2	2	0	2	0	0	2	0	0	2	0	0	0	0	0	0	0	0	2	2	0	0	0	0	2	0	2	2	2	0	0	0	2	0	2	2	2
8_2797176_2991809	8	2	2	2	2	2	0	2	0	0	0	2	2	0	2	0	0	2	0	0	2	0	0	0	0	0	0	0	0	2	2	0	2	0	2	2	0	2	2	2	2	2	0	2	0	2	2	2
8_2991810_3731946	8	2	2	2	2	2	0	2	0	0	0	2	2	0	2	2	2	2	0	0	2	0	0	0	0	0	0	0	0	2	2	0	2	0	2	2	0	2	2	2	2	2	0	2	0	2	2	2
8_3731947_3986581	8	2	2	2	2	2	0	2	0	0	0	2	2	0	0	2	2	2	0	0	2	0	0	0	0	2	0	0	0	2	2	0	2	0	2	2	0	2	2	2	2	2	0	2	0	2	2	2
8_3986582_5490736	8	2	2	2	2	2	0	2	0	0	0	2	2	0	0	2	2	2	0	0	2	0	0	0	0	2	0	0	0	2	2	0	2	0	2	2	0	0	2	2	2	2	0	2	0	2	2	2
8_5490737_6057127	8	2	2	0	2	2	0	2	0	0	0	2	2	0	0	0	0	2	0	0	2	0	0	0	0	2	0	0	0	0	0	0	2	0	2	2	0	0	0	0	2	0	0	2	0	2	0	0
8_6057128_6431401	8	2	2	0	2	2	0	2	0	0	0	2	2	2	0	0	0	2	0	0	2	0	0	0	0	2	0	0	0	0	0	0	2	0	2	2	0	0	0	0	2	0	0	2	0	2	0	0
8_6431402_6833827	8	2	2	0	2	2	2	2	0	0	2	2	2	2	2	0	0	2	0	0	2	0	0	0	0	2	0	0	0	0	0	0	2	2	2	2	0	0	0	0	2	0	2	2	0	2	0	0
8_6833828_7436287	8	2	2	0	2	2	2	2	0	0	2	2	2	2	2	0	0	2	0	0	2	0	0	0	0	2	0	0	0	0	0	0	2	2	2	2	0	0	0	0	2	2	2	2	0	2	0	0
8_7436288_7893783	8	2	2	0	2	2	2	2	0	0	2	2	2	2	2	0	0	2	0	0	2	0	0	0	0	2	0	0	0	0	0	0	2	2	2	2	0	0	0	0	2	2	2	2	0	2	2	0
8_7893784_8011752	8	2	2	0	2	2	2	2	0	0	2	2	2	2	2	0	0	2	0	0	2	2	0	2	0	2	0	0	0	0	0	0	2	2	2	2	0	2	0	0	2	2	2	2	0	2	2	0
8_8011753_8354585	8	2	2	0	2	2	2	2	0	0	2	2	2	2	2	0	0	2	0	0	2	2	0	2	0	0	0	0	0	0	0	0	2	2	2	2	0	2	0	0	2	2	2	2	0	2	2	0
8_8354586_9182018	8	2	2	0	2	2	2	2	0	0	2	2	2	2	2	0	0	2	0	0	2	2	0	2	0	0	0	0	0	0	0	0	2	2	2	2	0	2	0	2	2	2	2	2	0	2	2	0
8_9182019_9761631	8	2	2	0	2	2	2	2	0	0	2	2	2	2	2	0	0	2	0	0	2	2	0	2	0	0	0	0	0	0	0	2	2	2	2	2	0	2	0	2	2	2	2	2	0	2	2	0
8_9761632_10292107	8	2	2	0	2	2	2	2	0	0	2	2	2	2	2	0	0	2	0	0	2	2	0	2	0	0	0	0	0	0	0	2	0	2	2	2	0	2	0	2	2	2	2	2	0	2	2	0
8_10292108_11062308	8	2	2	0	2	2	2	2	0	0	2	0	2	2	2	0	0	2	0	0	2	2	0	2	2	0	0	0	0	0	0	2	0	2	2	2	0	2	0	2	2	2	2	2	0	2	2	0
8_11062309_14517196	8	2	2	0	2	2	2	2	0	0	2	0	2	2	2	0	0	2	0	0	2	2	0	2	2	0	0	0	0	0	0	2	0	2	2	2	0	2	0	2	0	0	2	2	0	2	2	0
8_14517197_14572114	8	0	0	0	0	2	0	0	0	0	0	0	0	0	0	0	0	0	0	0	0	0	0	0	0	0	0	0	0	0	0	0	0	0	0	2	0	0	0	0	0	0	0	0	0	0	0	0
8_14572115_15040588	8	0	0	0	0	0	0	0	0	0	0	2	0	0	0	0	0	0	0	0	0	0	0	0	0	0	0	0	0	0	0	0	0	0	0	0	0	0	0	0	0	0	0	0	0	0	0	0
8_15040589_15820803	8	2	0	0	0	0	0	0	0	0	0	2	2	0	0	0	0	2	0	0	2	0	0	0	0	0	0	0	0	0	0	0	0	0	0	0	0	0	0	0	0	0	0	0	0	2	0	0
8_15820804_15936961	8	2	0	0	0	2	0	0	0	0	0	2	2	0	0	0	0	2	0	0	2	0	0	0	0	0	0	0	0	0	0	0	0	0	0	0	0	0	0	0	0	0	0	0	0	2	0	0
8_15936962_16670418	8	2	2	0	2	2	2	2	0	0	2	0	2	2	2	0	0	2	0	0	2	2	0	2	2	0	0	0	0	0	0	2	0	2	2	2	0	2	0	2	0	0	2	2	0	2	2	0
8_16670419_16919169	8	2	2	0	2	2	2	2	0	0	2	0	2	2	2	0	0	2	0	0	2	2	0	2	0	0	0	0	0	0	0	2	0	2	2	2	0	2	0	2	0	0	2	2	0	2	2	0
8_16919170_17049766	8	0	2	0	2	2	2	2	0	0	2	0	0	2	2	0	0	0	0	0	0	2	0	2	0	0	0	0	0	0	0	2	0	2	2	2	0	2	0	2	0	0	2	2	0	2	2	0
8_17049767_17578088	8	0	2	0	2	2	2	2	0	0	2	0	0	2	2	0	0	0	0	0	0	2	0	2	0	0	0	0	0	0	0	2	0	2	2	2	0	2	0	2	0	0	2	2	0	0	2	0
8_17578089_18269249	8	0	2	0	2	2	2	2	0	0	2	0	0	2	2	0	0	0	0	0	0	2	0	2	0	0	0	0	0	0	0	2	0	0	2	2	0	2	0	2	0	0	2	2	0	0	2	0
8_18269250_18610608	8	0	2	0	2	2	2	2	0	0	2	0	0	2	2	0	0	0	2	2	0	2	0	2	0	0	0	0	0	0	0	2	0	0	2	2	0	2	0	2	0	0	2	2	0	0	2	0
8_18610609_19386152	8	0	2	0	2	2	2	2	0	0	2	0	0	2	2	0	0	0	2	2	0	2	0	2	0	0	0	0	0	0	0	2	0	0	2	2	0	2	0	2	0	2	2	2	0	0	2	0
8_19386153_19454050	8	0	2	0	2	2	2	0	0	0	2	0	0	2	2	0	0	0	2	2	0	2	0	2	0	0	0	0	0	0	0	2	0	0	2	2	0	2	0	2	0	2	2	2	0	0	2	0
8_19454051_19546076	8	0	2	0	2	2	2	0	0	0	2	0	0	2	2	0	0	0	2	2	0	2	0	2	0	0	0	0	0	0	0	2	0	0	2	2	0	2	0	2	0	2	2	2	0	2	2	0
8_19546077_20218870	8	2	2	0	2	2	2	0	0	0	2	2	2	2	2	0	0	2	2	2	2	2	0	2	0	0	0	0	0	0	0	2	0	0	2	2	0	2	0	2	0	2	2	2	0	2	2	0
8_20218871_20830341	8	2	2	0	0	2	2	0	0	0	2	2	2	0	0	0	0	2	2	2	2	2	0	2	0	0	0	0	0	0	0	2	0	0	2	2	0	2	0	0	0	2	2	2	0	2	0	0
8_20830342_20884442	8	2	2	0	0	2	2	2	0	0	2	2	2	0	0	0	0	2	2	2	2	2	0	2	0	0	0	0	0	0	0	2	0	0	2	2	0	2	0	0	0	2	2	2	0	2	0	0
8_20884443_21082434	8	2	2	0	0	2	2	2	0	0	2	2	2	0	0	0	0	2	2	2	2	2	0	2	2	0	0	0	0	0	0	2	0	0	2	2	0	2	0	0	0	2	2	2	0	2	0	0
8_21082435_21759146	8	2	2	0	0	2	2	2	0	0	2	2	2	0	2	0	0	2	2	2	2	2	0	2	2	0	0	0	0	0	0	2	0	0	2	2	0	2	0	0	0	2	2	2	0	2	0	0
8_21759147_23871834	8	2	2	0	0	2	2	2	0	0	2	2	2	0	2	0	0	2	2	2	2	2	0	2	2	0	0	0	0	0	0	2	0	0	2	2	0	2	0	0	0	2	2	2	0	2	2	0
8_23871835_23969068	8	2	2	0	0	2	2	2	0	0	2	2	2	0	0	0	0	2	2	2	2	2	0	2	2	0	0	0	0	0	0	2	0	0	2	2	0	2	0	0	0	2	2	2	0	2	0	0
8_23969069_24128013	8	2	2	0	0	2	2	2	0	0	0	2	2	0	0	0	0	2	2	2	2	2	0	2	2	0	0	0	0	0	0	2	0	0	2	2	0	2	0	0	0	2	2	2	0	2	0	0
8_24128014_24487510	8	0	2	0	0	0	2	2	0	0	0	0	2	0	0	0	0	2	2	2	0	2	0	2	2	0	2	0	0	0	0	2	0	0	0	2	0	0	0	0	0	0	2	2	0	2	0	0
8_24487511_24885957	8	0	2	0	0	0	2	2	2	0	0	0	2	0	0	0	0	2	2	2	0	2	0	2	2	2	2	0	2	0	0	2	0	0	0	2	0	0	0	0	0	0	2	2	0	2	0	0
8_24885958_25442751	8	0	2	0	0	0	2	2	2	0	0	0	2	0	0	2	2	2	2	2	0	2	0	2	2	2	2	0	2	0	0	2	0	0	0	2	0	0	0	0	0	0	2	2	0	2	0	0
8_25442752_25722453	8	2	2	0	0	0	2	2	2	0	0	0	2	0	0	2	2	2	2	2	0	2	2	2	2	2	2	0	2	0	0	2	0	2	0	2	0	0	0	0	0	2	2	2	0	2	2	0
8_25722454_26185122	8	2	2	0	0	0	2	2	2	0	0	0	2	0	0	2	2	2	2	2	0	2	2	2	2	2	2	0	2	0	0	2	0	2	0	2	0	0	0	0	0	2	0	2	0	2	2	0
8_26185123_26408218	8	2	2	0	0	0	2	2	2	0	0	0	2	0	0	2	2	2	2	2	0	2	2	2	2	2	0	0	2	0	2	0	0	2	0	0	0	0	0	2	0	2	0	2	0	2	2	0
8_26408219_28414845	8	2	2	0	0	0	0	2	2	0	0	0	2	0	0	2	2	2	2	2	0	2	2	2	2	2	0	0	2	0	2	0	0	2	0	0	0	0	0	2	0	2	0	2	0	2	2	0
9_1_5084988	9	2	0	0	0	0	2	0	0	0	0	0	2	0	0	0	0	2	0	0	2	0	0	0	0	2	0	0	2	0	0	0	0	0	0	0	2	0	2	0	2	0	0	0	0	2	0	0
9_5084989_6549117	9	2	0	0	0	0	0	0	0	0	0	0	2	0	0	0	0	2	0	0	2	0	0	0	0	0	0	0	2	0	0	0	0	0	0	0	2	0	2	0	2	0	0	0	0	0	0	0
9_6549118_7486159	9	2	2	0	0	0	0	0	0	0	0	0	2	0	0	0	0	2	0	0	2	0	0	0	0	0	0	0	1	0	0	0	0	2	0	0	2	0	2	0	2	0	0	0	0	0	0	0
9_7486160_8117134	9	2	2	0	0	0	0	0	0	0	0	0	2	0	0	0	0	2	0	0	0	0	0	0	0	0	0	0	1	0	0	0	0	2	0	0	2	0	2	0	2	0	0	0	0	0	0	0
9_8117135_8177901	9	0	2	0	0	0	0	0	0	0	0	0	0	0	0	0	0	2	0	0	0	0	0	0	0	0	0	0	2	0	0	0	0	2	0	0	2	0	2	0	2	0	0	0	0	0	0	0
9_8177902_8259559	9	0	0	0	0	0	0	0	0	0	0	0	0	0	0	0	0	2	0	0	0	0	0	0	0	0	0	0	2	0	0	0	0	0	0	0	2	0	2	0	2	0	0	0	0	0	0	0
9_8259560_8782645	9	0	0	0	0	2	0	0	0	0	0	0	0	0	0	0	0	2	0	0	0	0	0	0	0	0	0	0	2	0	0	0	0	0	0	0	2	0	2	0	2	0	0	0	0	0	0	0
9_8782646_8886542	9	0	0	0	0	2	0	0	0	0	0	0	0	0	0	0	0	2	0	0	0	0	0	0	0	0	0	0	2	0	0	0	0	0	0	0	2	0	2	0	0	0	0	0	0	0	0	0
9_8886543_9669938	9	0	0	0	0	2	0	0	0	0	0	0	0	0	0	0	0	0	0	0	0	0	0	0	0	0	0	0	2	0	0	0	0	0	0	0	2	0	2	0	0	0	0	0	0	0	0	0
9_9669939_10334265	9	0	0	0	0	0	0	0	0	0	0	0	0	0	0	0	0	0	0	0	0	0	0	0	0	0	0	0	2	0	0	0	0	0	0	0	2	0	2	0	0	0	0	0	0	0	0	0
9_10334266_10618571	9	0	0	0	0	0	0	0	0	0	0	0	0	0	0	0	0	0	0	0	0	2	0	0	0	0	0	0	0	0	0	2	0	0	0	0	2	0	0	0	0	0	0	0	0	0	0	0
9_10618572_10720637	9	0	0	0	0	2	0	0	0	0	0	0	2	0	0	0	0	2	0	0	0	2	0	0	0	0	0	0	0	0	0	2	0	0	0	0	2	0	0	0	0	0	0	0	0	0	0	0
9_10720638_14335834	9	2	0	0	0	2	0	0	0	0	0	0	2	0	0	0	0	2	0	0	0	2	0	0	0	0	0	0	0	0	0	2	0	0	0	0	2	0	0	0	0	0	0	0	0	0	0	0
9_14335835_14882208	9	2	0	0	0	2	0	0	0	0	0	0	2	0	0	0	0	2	0	0	0	2	0	0	0	0	0	0	0	0	0	2	0	0	0	0	0	0	0	0	0	0	0	0	0	0	0	0
9_14882209_20680398	9	2	0	0	0	1	0	0	0	0	0	0	2	0	0	0	0	2	0	0	0	2	0	0	0	0	0	0	0	0	0	2	0	0	0	0	0	0	0	0	0	0	0	0	0	0	0	0
9_20680399_22974328	9	2	0	0	0	2	0	0	0	0	0	0	2	0	0	0	0	2	0	0	0	2	0	0	0	0	0	0	0	0	0	2	0	0	0	0	0	0	0	0	0	0	0	0	0	0	0	0
10_1_732178	10	2	2	2	0	2	2	0	0	2	0	0	2	2	2	2	2	2	2	2	2	2	0	2	2	0	0	0	0	2	2	2	0	0	0	0	2	0	2	0	2	0	0	2	2	2	0	2
10_732179_1118493	10	2	2	2	0	2	2	0	0	2	0	0	2	2	2	0	0	2	2	2	2	2	0	2	2	0	0	0	0	2	2	2	0	0	0	0	2	0	2	0	2	0	0	2	2	2	0	2
10_1118494_1359309	10	2	2	2	0	2	2	0	0	2	0	0	2	2	2	0	0	2	2	2	2	2	0	2	2	0	0	0	0	2	2	2	0	0	0	0	2	0	2	0	2	0	0	2	2	0	0	2
10_1359310_2395928	10	2	2	2	0	2	2	0	0	2	0	2	2	2	2	0	0	2	2	2	2	2	0	2	2	0	0	0	0	2	2	2	0	0	2	0	2	2	2	0	2	0	0	2	2	0	0	2
10_2395929_2794118	10	2	2	2	0	2	2	0	0	2	2	2	2	2	2	0	0	2	2	2	2	2	0	2	2	0	0	0	0	2	2	2	0	0	2	0	2	2	2	0	2	0	0	2	2	2	0	2
10_2794119_3754573	10	2	2	2	0	2	2	0	0	2	2	2	2	2	2	0	0	2	2	2	2	2	0	2	2	0	0	0	0	2	2	2	0	0	0	0	2	2	2	0	2	0	0	2	2	2	0	2
10_3754574_4186858	10	2	2	2	0	2	2	0	0	2	2	2	2	2	2	0	0	2	2	2	2	2	0	2	2	0	0	0	0	2	2	2	0	0	0	0	2	2	2	0	2	0	2	2	2	2	0	2
10_4186859_4455816	10	2	2	2	0	2	2	0	0	2	2	2	2	2	2	0	0	2	2	2	2	2	0	2	2	0	0	0	0	2	2	2	0	0	0	0	2	2	2	0	2	0	2	2	2	2	0	0
10_4455817_4595225	10	2	2	2	0	2	2	0	0	2	2	0	2	2	2	0	0	2	2	2	2	2	0	2	2	0	0	0	0	2	2	2	0	0	0	0	2	0	2	0	2	0	2	2	2	2	0	0
10_4595226_5906727	10	2	2	2	0	2	2	0	0	2	2	0	2	2	2	0	0	1	2	2	2	2	0	2	2	0	0	0	0	2	2	2	0	0	0	0	2	0	2	0	2	0	2	2	2	2	0	0
10_5906728_6064443	10	2	2	2	0	2	2	0	0	2	2	2	2	2	2	0	0	1	2	2	2	2	0	2	2	0	0	0	0	2	2	2	0	0	0	0	2	0	2	0	2	0	2	2	2	2	0	0
10_6064444_6303812	10	2	2	2	0	2	0	0	0	2	2	2	2	2	2	0	0	1	2	2	2	2	0	2	2	0	0	0	0	2	2	2	0	0	0	0	2	0	2	0	2	0	2	2	2	2	0	0
10_6303813_7122438	10	2	2	2	0	2	0	0	0	2	2	2	2	2	2	2	2	2	2	2	2	2	0	2	2	0	0	0	0	2	2	2	0	0	0	0	2	0	2	0	2	0	2	2	2	2	0	0
10_7122439_7814369	10	2	0	0	0	2	0	0	0	0	2	2	2	0	0	2	2	2	0	0	2	0	0	0	0	0	0	0	0	0	0	0	0	0	0	0	0	0	2	0	2	0	0	0	0	2	0	0
10_7814370_8714018	10	2	2	0	0	2	0	0	0	0	2	2	2	0	0	2	2	2	0	0	2	0	0	0	2	0	0	0	0	0	0	2	0	0	0	0	0	0	2	0	2	0	2	0	0	2	0	0
10_8714019_9490243	10	2	0	0	0	2	0	0	0	0	2	2	2	0	0	2	2	2	0	0	2	0	0	0	0	0	0	0	0	0	0	0	0	0	0	0	0	0	2	0	2	0	0	0	0	2	0	0
10_9490244_9580955	10	2	0	0	0	0	0	0	0	0	2	2	2	0	0	2	2	2	0	0	2	0	0	0	0	0	0	0	0	0	0	0	0	0	0	0	0	0	0	0	2	0	0	0	0	2	0	0
10_9580956_9679736	10	2	0	0	0	0	0	0	0	0	2	0	2	0	0	2	2	0	0	0	0	0	0	0	0	0	0	0	0	0	0	0	0	0	0	0	0	0	0	0	0	0	0	0	0	2	0	0
10_9679737_10178472	10	2	0	0	0	0	0	0	0	0	2	0	2	0	0	2	2	0	0	0	0	0	0	0	0	0	0	0	0	0	0	0	0	0	0	0	0	0	0	0	0	0	0	0	0	0	0	0
10_10178473_10888120	10	2	0	0	0	2	0	0	0	0	2	2	2	0	0	2	2	2	0	0	2	0	0	0	0	0	0	0	0	0	0	0	0	0	0	0	0	0	0	0	2	0	0	0	0	2	0	0
10_10888121_10967691	10	2	2	2	2	2	0	0	2	2	2	2	2	2	2	2	2	2	2	2	2	2	0	2	2	0	0	0	0	2	2	2	0	0	0	0	2	0	0	0	2	0	2	2	2	2	0	0
10_10967692_11418240	10	2	2	2	2	2	0	0	2	2	2	2	2	2	2	2	2	2	2	2	2	2	0	2	2	0	0	0	0	2	2	2	0	0	0	0	2	0	2	0	2	0	2	2	2	2	0	0
10_11418241_11701860	10	2	2	2	2	2	0	0	2	2	2	2	2	2	2	2	2	2	2	2	2	2	0	2	2	0	0	2	0	2	2	2	0	0	0	0	2	0	2	0	2	0	2	2	2	2	0	0
10_11701861_11781333	10	2	2	2	2	2	0	0	2	2	2	2	2	2	2	2	2	0	2	2	2	2	0	2	2	0	0	2	0	2	2	0	0	0	0	0	2	0	2	0	2	0	2	2	2	2	0	0
10_11781334_13220054	10	2	0	0	0	0	0	0	0	0	2	2	2	0	0	2	2	0	0	0	2	2	0	0	0	0	0	0	0	0	0	0	0	0	0	0	0	0	0	0	2	0	0	0	0	0	0	0
10_13220055_14473400	10	2	2	2	2	2	0	0	2	2	2	2	2	2	2	2	2	2	2	2	2	2	2	2	2	0	0	2	0	2	2	2	2	0	0	0	2	0	2	0	2	2	2	2	2	0	0	0
10_14473401_14980473	10	2	2	2	2	2	0	0	2	2	2	2	2	2	2	2	2	2	2	2	2	2	2	2	2	0	0	2	0	2	2	2	2	0	0	0	2	0	2	0	2	2	0	2	2	0	0	0
10_14980474_15131395	10	0	2	2	2	2	0	0	2	2	2	0	0	2	2	2	2	0	2	2	0	2	2	2	2	0	0	2	0	2	2	2	2	0	0	0	2	0	0	0	0	2	0	2	2	0	0	0
10_15131396_15209580	10	0	0	2	2	2	0	0	2	2	2	0	0	2	2	2	2	0	2	2	0	2	2	0	2	0	0	2	0	2	2	2	2	0	0	0	2	0	0	0	0	2	0	2	2	0	0	0
10_15209581_15352914	10	0	0	2	2	2	0	0	2	2	2	0	0	2	2	2	2	0	2	2	0	2	2	0	2	0	0	2	0	2	2	0	2	0	0	0	2	0	0	0	0	2	0	2	2	0	0	0
10_15352915_15647732	10	0	0	2	2	2	0	0	2	2	2	0	0	2	2	2	2	0	2	2	0	0	2	0	2	0	0	2	0	2	2	0	2	0	0	0	2	0	0	0	0	2	0	2	2	0	0	0
10_15647733_15769173	10	0	0	2	2	2	0	0	2	2	2	0	0	2	2	2	2	0	2	2	0	0	2	0	2	0	0	2	0	2	2	0	2	0	0	0	2	0	0	0	0	0	0	2	2	0	0	0
10_15769174_16078720	10	0	0	2	2	0	0	0	2	2	2	0	0	2	2	2	2	0	2	2	0	0	2	0	2	0	0	2	0	2	2	0	2	2	0	0	2	0	0	0	0	0	0	2	2	0	0	0
10_16078721_16281926	10	0	0	2	2	0	0	0	2	2	0	0	0	2	2	2	2	0	2	2	0	0	2	0	2	0	0	2	0	2	2	0	2	2	0	0	2	0	0	0	0	0	0	2	2	0	0	0
10_16281927_16973565	10	0	0	2	2	0	0	0	2	2	0	0	0	0	0	2	2	0	2	2	0	0	2	0	2	0	0	2	0	2	2	0	2	2	0	0	2	0	0	0	0	0	0	2	2	0	0	0
10_16973566_17715422	10	0	0	2	2	0	0	0	2	2	0	0	0	0	0	2	2	0	2	2	0	0	2	0	2	0	0	0	0	2	2	0	2	2	0	0	2	0	0	0	0	0	0	2	2	0	0	0
10_17715423_17782820	10	0	0	2	2	0	0	0	0	2	0	0	0	0	0	2	2	0	2	2	0	0	2	0	2	0	0	0	0	2	2	0	2	2	0	0	2	0	0	0	0	0	0	2	2	0	0	0
10_17782821_17842370	10	0	0	2	2	0	0	0	0	2	0	0	0	0	0	0	0	0	2	2	0	0	2	0	2	0	0	0	0	2	2	0	2	2	0	0	2	0	0	0	0	0	0	2	2	0	0	0
10_17842371_17930367	10	0	0	2	2	0	0	0	0	0	0	0	0	0	0	0	0	0	2	2	0	0	2	0	2	0	0	0	0	2	2	0	2	2	0	0	2	0	0	0	2	0	0	2	0	0	0	0
10_17930368_18464124	10	0	0	2	0	0	0	0	0	0	0	0	2	0	0	0	0	0	2	2	0	0	2	0	2	0	0	0	0	2	2	0	2	2	0	0	2	0	2	0	2	2	0	2	0	0	0	0
10_18464125_19133233	10	2	0	0	0	0	0	0	0	0	0	0	2	0	0	0	0	2	2	2	0	2	2	2	2	0	0	0	0	2	0	0	2	2	0	0	2	0	2	0	2	2	2	2	0	0	0	0
10_19133234_19761637	10	2	0	0	0	0	0	0	2	0	0	0	2	0	0	0	0	2	2	2	0	2	2	2	2	0	0	0	0	2	0	0	2	2	0	0	2	0	2	0	2	2	2	2	0	0	0	0
10_19761638_20435583	10	2	0	0	0	0	0	0	2	0	0	0	2	0	0	0	0	2	2	2	0	2	2	2	2	0	0	0	0	2	0	0	2	2	0	2	2	2	2	0	2	2	2	2	0	0	0	0
10_20435584_20540905	10	2	0	0	2	0	0	0	2	0	0	0	2	0	0	0	0	2	2	2	0	2	2	2	2	0	0	2	0	2	0	0	2	2	0	2	2	2	2	0	2	2	2	2	0	0	0	0
10_20540906_23155882	10	2	0	0	2	0	0	0	2	0	0	0	2	0	0	0	0	2	2	2	0	2	2	2	2	0	0	2	0	2	2	0	2	2	0	2	2	2	2	0	2	2	2	2	0	0	0	0
11_1_3809967	11	2	2	2	0	0	0	2	2	0	2	2	1	0	0	0	0	2	0	0	2	2	2	0	2	1	0	0	2	0	0	0	0	0	2	2	0	2	0	2	2	2	0	0	0	2	0	0
11_3809968_3977586	11	2	2	2	0	0	0	2	2	0	2	2	2	0	0	0	0	2	0	0	2	2	2	0	2	2	0	0	2	0	0	0	0	0	2	2	0	2	0	2	2	2	0	0	0	2	0	0
11_3977587_4369601	11	2	0	0	0	0	0	0	0	0	0	0	2	0	0	0	0	2	0	0	2	0	0	0	0	2	0	0	0	0	0	0	0	0	0	0	0	0	0	0	0	0	0	0	0	2	0	0
11_4369602_4924016	11	2	2	2	0	0	0	2	2	0	2	2	2	0	0	2	2	2	0	0	2	2	2	0	2	0	0	0	0	0	0	0	0	0	0	2	0	2	0	2	2	2	0	2	0	2	0	0
11_4924017_5244265	11	2	2	2	0	0	0	2	2	0	2	2	2	0	0	2	2	2	0	0	2	2	2	0	2	0	0	0	0	0	0	0	0	0	2	2	0	2	0	2	2	2	0	2	0	2	0	0
11_5244266_5961369	11	2	2	2	0	0	0	2	2	0	2	2	2	0	0	2	2	0	0	0	0	2	2	0	2	0	0	0	0	0	0	0	0	0	2	2	0	2	0	2	2	2	0	2	0	2	0	0
11_5961370_6023427	11	0	2	2	0	0	0	2	2	0	2	2	2	0	0	2	2	0	0	0	0	2	2	0	2	0	0	0	0	0	0	0	0	0	2	2	0	2	0	2	2	2	0	2	0	2	0	0
11_6023428_6094495	11	0	2	0	0	0	0	0	2	0	2	2	2	0	0	2	2	0	0	0	0	2	0	0	2	0	0	0	2	0	0	0	0	0	2	2	0	2	0	2	0	0	0	2	0	2	0	0
11_6094496_6376921	11	0	1	0	0	0	0	0	1	0	2	1	1	0	0	2	2	0	0	0	0	2	0	0	2	0	0	0	2	0	0	0	0	0	0	2	0	1	0	2	0	0	0	2	0	2	0	0
11_6376922_6584533	11	0	2	0	0	0	2	0	2	0	2	2	2	0	0	2	2	0	0	0	0	0	0	0	2	2	0	2	2	0	0	0	0	0	0	2	0	2	0	2	0	0	0	2	0	2	0	0
11_6584534_7538608	11	0	2	0	0	0	2	0	2	0	2	2	2	0	0	2	2	0	0	0	0	0	0	0	2	2	0	2	2	0	0	0	0	0	0	2	0	2	0	0	0	0	0	2	0	2	0	0
11_7538609_7682437	11	0	2	0	0	0	2	0	2	0	2	2	2	0	0	2	2	0	0	0	0	0	0	0	2	2	0	2	0	0	0	0	0	0	0	2	0	2	0	0	0	0	0	2	0	2	0	0
11_7682438_7973578	11	0	2	0	0	0	2	0	2	0	2	2	2	0	0	2	2	0	0	0	0	0	0	0	2	0	0	2	0	0	0	0	0	0	0	2	0	2	0	0	0	0	0	0	0	2	0	0
11_7973579_8077969	11	0	0	0	0	0	2	0	0	0	0	0	2	0	0	0	0	0	0	0	0	0	0	0	0	0	0	0	0	0	0	0	0	0	0	0	0	0	0	0	0	0	0	0	0	2	0	0
11_8077970_8777409	11	2	0	0	0	0	2	0	0	0	0	0	2	0	0	0	0	2	0	0	2	2	0	0	0	0	0	0	0	0	0	0	0	0	0	0	0	0	0	0	0	0	0	0	0	2	0	0
11_8777410_11107361	11	2	0	0	0	0	2	0	0	0	0	0	2	0	0	0	0	2	0	0	2	2	0	0	0	2	0	0	0	0	0	0	0	0	0	0	0	0	0	0	0	0	0	0	0	2	0	0
11_11107362_11207192	11	2	0	0	0	0	2	0	0	0	0	0	2	0	0	0	0	2	0	0	2	2	0	0	0	2	0	0	0	0	0	0	0	0	0	0	0	0	0	0	0	2	0	0	0	2	0	0
11_11207193_11346682	11	2	0	0	2	0	2	0	0	0	2	0	2	0	0	0	0	2	0	0	2	2	0	0	0	2	0	0	0	0	0	0	0	2	0	0	0	2	0	0	2	2	0	2	0	2	2	0
11_11346683_11557993	11	2	0	0	2	2	2	0	0	0	2	0	2	0	0	0	0	2	0	0	2	2	0	0	0	2	0	0	2	0	0	0	0	2	0	0	0	2	0	0	2	2	0	2	0	2	2	0
11_11557994_15316800	11	2	2	0	2	2	2	0	2	2	2	0	2	0	0	2	2	2	2	2	2	2	0	0	2	2	0	2	2	2	2	0	0	2	0	0	0	2	0	0	2	2	0	2	2	2	2	0
11_15316801_15688831	11	2	2	0	2	2	2	0	2	2	0	0	2	0	0	2	2	2	2	2	2	2	0	0	2	2	0	2	2	2	2	0	0	2	0	0	0	2	0	0	2	2	0	2	2	2	2	0
11_15688832_16407066	11	2	2	0	2	2	2	0	2	2	0	0	2	0	0	2	2	2	2	2	2	2	0	2	2	2	0	2	2	2	2	0	0	2	0	0	0	2	0	0	2	2	0	2	2	2	2	0
11_16407067_16505182	11	2	2	0	2	2	2	0	2	2	0	0	2	0	0	2	2	2	2	2	2	2	0	2	2	2	2	2	2	2	2	0	0	2	0	0	0	2	0	0	2	2	0	2	2	2	0	0
11_16505183_16861246	11	0	2	0	2	2	2	0	2	2	0	0	2	0	0	2	2	2	2	2	2	2	0	2	2	2	2	2	2	2	2	0	0	2	0	0	0	2	0	0	2	2	0	2	2	2	0	0
11_16861247_17086353	11	0	2	0	2	2	2	0	2	2	0	0	2	0	0	2	2	2	2	2	2	2	0	2	2	2	2	2	2	2	2	0	0	2	0	2	0	2	0	0	2	2	0	2	2	2	0	0
11_17086354_17506454	11	2	2	0	2	2	2	0	2	2	0	0	2	0	0	2	2	2	2	2	2	2	0	2	2	2	0	2	2	2	2	0	0	2	0	2	0	2	0	0	2	2	0	0	2	2	0	0
11_17506455_17651426	11	2	2	0	2	2	2	0	2	2	0	0	2	0	0	2	2	2	2	2	2	2	0	2	2	0	0	2	2	2	2	0	0	2	0	2	0	2	0	0	0	2	0	0	2	2	0	0
11_17651427_17712658	11	0	2	0	2	2	2	0	2	2	0	0	2	0	0	2	2	0	2	2	2	2	0	2	2	0	0	2	2	2	2	0	0	2	0	2	0	2	0	0	0	2	0	0	2	2	0	0
11_17712659_17825538	11	0	2	0	2	2	2	0	2	2	0	0	0	0	0	2	2	0	2	2	0	2	0	2	2	0	0	2	2	2	2	0	0	2	0	2	0	2	0	0	0	2	0	0	2	2	0	0
11_17825539_18020073	11	0	2	0	2	2	2	0	2	2	0	0	0	0	0	2	2	0	2	2	0	2	0	2	2	0	0	2	2	2	2	0	0	2	0	2	0	2	0	0	0	2	0	0	2	0	0	0
11_18020074_18246583	11	0	0	0	0	2	0	0	0	0	0	0	0	0	0	0	0	0	0	0	0	2	0	0	0	0	0	0	0	0	0	0	0	0	0	2	0	0	0	0	0	2	0	0	0	0	0	0
11_18246584_18475741	11	0	0	0	0	2	0	0	0	0	0	0	0	0	0	0	0	0	0	0	0	2	0	0	0	2	0	0	0	0	0	0	0	0	0	2	0	0	0	0	0	2	0	0	0	0	0	0
11_18475742_19402496	11	0	0	0	0	2	0	0	0	0	0	0	0	0	0	0	0	0	0	0	0	0	0	0	0	2	0	0	0	0	0	0	0	0	0	2	0	0	0	0	0	2	0	0	0	0	0	0
11_19402497_19578060	11	0	0	0	0	2	0	0	0	0	0	0	0	0	0	0	0	0	0	0	0	0	0	0	0	2	0	0	0	0	0	0	0	0	0	2	0	0	0	0	0	2	0	0	0	2	0	0
11_19578061_19769010	11	0	2	0	2	2	2	0	2	2	0	0	0	0	0	0	0	0	2	2	0	0	0	2	2	0	0	2	2	2	2	0	0	2	0	2	0	0	0	2	2	2	2	2	2	2	2	0
11_19769011_19852862	11	0	2	0	2	2	2	0	2	2	0	2	0	0	0	0	0	0	2	2	0	0	0	2	2	0	0	2	2	2	2	0	0	2	0	2	0	0	0	2	2	2	2	2	2	2	2	0
11_19852863_19980411	11	2	2	0	2	2	2	0	2	2	0	2	2	0	0	0	0	2	2	2	2	0	0	2	2	0	0	2	2	2	2	0	0	2	0	2	0	0	0	2	2	2	2	2	2	2	2	2
11_19980412_20491065	11	2	0	0	0	2	0	0	0	0	0	2	2	0	0	0	0	2	0	0	2	0	0	0	0	0	0	0	2	0	0	0	0	0	0	2	0	0	0	0	0	2	0	0	0	2	2	2
11_20491066_21596872	11	2	0	0	0	2	0	0	0	0	0	2	2	0	0	0	0	2	0	0	2	0	0	0	0	0	0	0	2	0	0	0	0	0	0	0	0	0	0	0	0	2	0	0	0	2	0	2
11_21596873_22383762	11	2	0	0	0	2	2	0	0	0	0	2	2	0	0	0	0	2	0	0	2	0	0	0	0	0	0	0	2	0	0	0	0	0	0	0	0	0	0	0	0	2	0	0	0	2	0	2
11_22383763_22612977	11	2	1	0	0	2	2	0	1	0	0	2	2	0	0	0	0	2	1	1	2	1	1	1	1	1	0	1	2	0	1	0	0	1	0	0	0	0	0	0	0	2	1	1	0	2	0	2
11_22612978_22906664	11	2	1	0	0	2	2	0	1	0	0	2	2	0	0	0	0	2	1	1	2	1	1	1	1	1	0	1	2	0	1	0	0	1	0	0	0	0	0	0	2	2	1	1	0	2	0	2
11_22906665_23028691	11	2	0	0	0	0	2	0	0	0	0	2	2	0	0	0	0	2	0	0	2	0	0	0	0	0	0	0	2	0	0	0	0	0	0	0	0	0	0	0	2	2	0	0	0	2	0	2
11_23028692_23420193	11	2	0	0	0	0	2	0	0	0	0	0	2	0	0	0	0	2	0	0	2	0	0	0	0	0	0	0	2	0	0	0	0	0	0	0	0	0	0	0	2	2	0	0	0	2	0	2
11_23420194_23680995	11	2	0	0	0	0	2	0	0	0	0	0	2	0	0	0	0	2	0	0	2	0	0	0	0	0	0	0	1	0	0	0	0	0	0	0	0	0	0	0	2	2	0	0	0	2	0	2
11_23680996_23975627	11	2	0	0	0	2	2	0	0	0	0	0	2	0	0	0	0	2	0	0	2	0	0	0	0	0	0	0	1	0	0	0	0	0	0	0	0	0	0	0	2	2	0	0	0	2	0	2
11_23975628_24107908	11	2	0	0	0	2	2	0	2	0	2	2	2	0	0	0	0	2	0	0	2	2	2	2	0	2	2	2	1	2	2	0	0	2	0	2	0	2	0	0	2	2	2	2	0	2	0	2
11_24107909_24396340	11	2	0	0	0	2	2	0	2	0	2	2	2	0	0	0	0	2	0	0	2	2	2	2	0	2	2	2	2	2	2	0	0	2	0	2	0	2	0	0	2	2	2	2	0	2	0	2
11_24396341_24485226	11	2	0	0	0	2	2	0	2	0	2	2	2	0	0	0	0	2	0	0	2	2	2	2	0	2	2	2	2	2	2	0	0	2	0	2	0	2	0	0	2	2	2	2	0	2	2	2
11_24485227_24849930	11	2	0	0	0	2	2	0	2	0	2	2	2	0	0	0	0	2	0	0	2	2	2	2	0	2	2	2	2	2	2	2	0	2	0	2	0	2	0	0	2	2	2	2	0	2	2	2
11_24849931_25232488	11	2	0	0	0	2	2	0	2	0	2	2	2	0	0	0	0	2	0	0	2	2	2	2	0	2	0	2	2	2	2	2	0	2	0	2	0	2	0	0	2	2	2	2	0	2	2	2
11_25232489_25350590	11	2	0	0	0	2	2	0	1	0	1	0	2	0	0	0	0	2	0	0	2	1	1	1	0	1	0	1	2	1	1	1	0	1	0	0	0	0	0	0	2	2	1	1	0	2	2	0
11_25350591_25674234	11	2	0	0	0	2	2	0	1	0	1	0	2	0	0	0	0	2	0	0	2	1	1	1	0	1	0	1	2	1	1	1	0	1	0	0	0	0	0	0	2	2	1	1	0	0	2	0
11_25674235_26261076	11	2	0	0	0	2	2	0	2	0	2	2	2	0	0	0	0	2	0	0	2	2	2	2	0	2	2	2	2	2	2	2	0	2	0	2	0	2	0	0	2	2	2	2	0	0	2	2
11_26261077_26531110	11	2	0	0	0	2	2	0	2	0	2	2	2	0	0	0	0	2	0	0	2	2	2	2	0	2	2	2	2	2	2	2	0	2	0	2	0	2	0	0	2	2	2	2	0	2	2	2
11_26531111_26600395	11	2	0	0	0	2	2	0	2	0	2	2	2	0	0	0	0	2	0	0	2	2	2	2	0	2	2	2	2	2	2	2	0	2	0	2	2	2	0	0	2	2	2	2	0	2	2	2
11_26600396_27077095	11	2	0	0	0	2	2	0	2	0	2	2	2	0	0	0	0	2	0	0	2	2	2	2	0	2	2	2	2	2	2	2	0	2	0	2	2	2	2	0	2	2	2	2	0	2	2	2
11_27077096_27233511	11	2	0	0	0	2	2	0	2	0	2	2	2	0	0	0	0	2	0	0	2	2	2	2	0	2	2	2	2	2	2	2	0	2	0	2	2	2	2	0	2	2	2	2	0	1	2	2
11_27233512_27348954	11	2	0	0	0	2	2	0	0	0	2	2	2	0	0	0	0	2	0	0	2	2	2	2	0	2	2	2	2	2	2	2	0	2	0	2	2	2	2	0	2	2	2	2	0	1	0	2
11_27348955_28061591	11	2	0	0	0	2	2	0	0	0	2	2	2	0	0	0	0	2	0	0	2	2	2	2	0	2	0	2	2	2	2	2	0	2	0	2	2	2	2	0	2	2	2	2	0	1	0	2
11_28061592_28957771	11	2	0	0	0	2	2	0	0	2	2	2	2	0	0	0	0	2	0	0	2	2	2	2	0	2	2	2	2	2	2	2	0	2	2	2	2	2	2	0	2	2	2	2	2	2	2	2
12_1_3065025	12	2	2	0	2	2	2	2	2	0	2	1	2	0	0	0	0	2	0	0	2	0	0	0	2	2	0	0	2	2	2	0	0	2	2	0	2	0	2	2	2	2	2	0	0	2	0	0
12_3065026_3502803	12	2	2	0	2	2	2	2	2	2	2	1	2	0	0	0	0	2	0	0	2	0	0	0	2	2	0	0	2	2	2	0	0	2	2	0	2	0	2	2	2	2	2	0	2	2	0	0
12_3502804_3684479	12	2	2	0	2	2	2	2	2	2	2	1	2	0	0	0	0	2	0	0	2	0	0	0	2	2	0	0	2	2	2	0	0	0	2	0	2	0	2	2	2	2	2	0	2	2	0	0
12_3684480_3810843	12	2	2	0	2	2	2	2	2	2	2	1	2	0	0	0	0	2	0	0	2	0	0	0	2	2	0	0	2	2	2	0	0	0	0	0	2	0	2	2	2	2	2	0	2	2	0	0
12_3810844_4153955	12	2	2	0	2	2	2	2	2	2	0	1	2	0	0	0	0	2	0	0	2	0	0	0	2	2	0	0	2	2	2	0	0	0	0	0	2	0	2	2	2	2	2	0	2	2	0	0
12_4153956_4214715	12	2	2	0	2	2	2	0	2	2	0	0	2	0	0	0	0	2	0	0	2	0	0	0	2	2	0	0	2	2	2	0	0	0	0	2	2	2	2	2	2	2	0	0	2	2	0	0
12_4214716_4289648	12	2	2	0	2	2	0	0	2	2	0	0	2	0	0	0	0	2	0	0	2	0	0	0	2	2	0	0	2	2	2	0	0	0	0	2	2	2	2	2	2	2	0	0	2	2	0	0
12_4289649_4482500	12	2	2	0	2	2	0	0	2	2	0	0	2	0	0	2	2	2	0	0	2	0	0	0	2	2	0	0	2	2	2	0	0	0	0	2	2	2	2	2	2	2	0	0	2	2	0	0
12_4482501_5048877	12	2	2	0	2	2	0	0	2	2	0	0	2	0	0	2	2	2	0	0	2	0	0	0	2	2	0	0	2	2	2	0	0	0	0	2	2	2	2	2	2	2	0	0	2	2	2	0
12_5048878_5172029	12	2	2	0	2	2	0	0	2	2	0	0	2	0	0	2	2	2	0	0	2	0	0	0	2	2	0	0	2	2	2	0	0	0	0	2	0	2	2	2	2	2	0	0	2	2	2	0
12_5172030_5863456	12	2	2	0	0	2	0	0	2	2	0	0	2	0	0	2	2	2	0	0	2	0	0	0	0	2	0	0	2	2	2	0	0	0	0	2	0	2	2	2	2	2	0	0	2	2	2	0
12_5863457_6209655	12	2	2	0	0	2	0	0	2	2	0	0	2	0	0	2	2	2	0	0	2	0	0	0	0	2	0	0	2	2	2	0	0	0	0	2	0	2	0	2	2	2	0	0	2	2	0	0
12_6209656_6498031	12	2	2	0	0	2	0	0	2	2	0	0	2	0	0	2	2	2	0	0	2	0	0	0	0	0	0	0	2	2	2	0	0	0	0	2	0	2	0	2	2	2	0	0	2	2	0	0
12_6498032_6614577	12	2	2	0	0	2	0	0	2	2	0	0	2	0	0	2	2	2	0	0	2	0	0	0	0	0	0	0	2	2	2	0	0	0	2	2	0	2	0	2	2	2	0	2	2	2	0	2
12_6614578_6783394	12	2	2	0	0	2	0	0	2	2	0	0	2	0	0	2	2	2	0	0	2	0	0	0	0	0	0	0	2	2	2	0	0	0	2	2	0	2	0	2	2	2	0	2	2	2	2	2
12_6783395_7900135	12	2	2	0	0	2	0	0	2	2	0	0	2	0	0	2	2	2	0	0	2	0	0	0	0	0	0	0	2	2	2	0	2	0	2	2	0	2	0	2	2	2	0	2	2	2	2	2
12_7900136_8015880	12	2	2	0	2	2	0	0	2	2	2	0	2	0	0	2	2	2	0	0	2	0	0	0	2	0	0	0	2	2	2	0	2	0	0	2	0	2	0	0	2	2	0	2	2	2	2	2
12_8015881_8600591	12	2	2	0	2	2	0	0	2	2	2	0	2	0	0	2	2	2	0	0	2	0	0	0	2	0	0	0	2	2	2	0	2	0	0	2	0	2	0	0	2	2	0	2	2	0	2	2
12_8600592_11078666	12	2	2	0	2	2	0	0	2	2	2	0	2	0	0	2	2	2	0	0	2	0	0	0	2	2	0	0	2	2	2	0	2	0	0	2	0	2	0	0	2	2	0	2	2	2	2	2
12_11078667_11604311	12	2	2	0	0	2	0	0	2	2	2	0	2	0	0	0	0	2	0	0	2	0	0	0	2	2	0	0	0	0	0	2	2	0	0	2	0	2	0	0	2	2	0	2	2	2	2	2
12_11604312_15422305	12	2	2	0	0	2	0	0	2	2	2	0	2	0	0	0	0	2	0	0	2	0	0	0	2	2	0	0	0	0	0	2	2	0	0	2	0	2	0	0	2	2	0	2	2	2	0	2
12_15422306_15988398	12	0	2	0	0	2	2	0	2	2	2	0	0	0	0	0	0	2	0	0	2	0	0	0	2	2	0	0	0	0	0	2	2	0	0	2	0	0	0	0	2	2	0	2	2	2	0	2
12_15988399_17442600	12	2	2	0	0	2	2	0	2	2	2	0	2	0	0	0	0	2	0	0	2	0	0	0	2	2	0	0	0	0	0	2	2	0	0	2	0	2	0	0	2	2	0	2	2	2	0	2
12_17442601_17818824	12	2	2	0	0	2	2	0	2	2	2	0	2	0	0	0	0	2	0	0	2	0	0	0	2	2	0	0	0	0	0	2	2	0	0	2	0	2	0	0	2	2	0	0	2	2	0	2
12_17818825_18017083	12	2	2	0	0	2	2	0	2	2	2	0	2	0	0	0	0	2	0	0	2	0	0	0	2	2	2	0	0	0	0	2	2	0	0	2	0	2	0	0	2	2	0	0	2	2	0	2
12_18017084_18496347	12	2	2	0	0	2	2	0	0	2	2	0	2	0	0	0	0	2	0	0	2	0	0	0	2	2	2	0	0	0	0	2	2	0	2	2	0	2	0	0	2	2	0	0	2	2	0	2
12_18496348_19041619	12	2	2	0	0	2	2	0	0	2	2	0	2	0	0	0	0	2	0	0	2	0	0	0	2	2	0	0	0	0	0	2	2	0	2	2	0	2	0	0	2	2	0	0	2	2	0	2
12_19041620_19934151	12	2	2	0	0	2	2	0	0	2	2	0	2	0	0	0	0	2	0	0	2	0	0	0	2	2	2	0	0	0	0	2	2	0	2	2	0	2	0	0	2	2	0	0	2	2	0	2
12_19934152_20023658	12	2	2	0	0	2	2	0	0	2	2	0	2	0	0	0	0	2	0	0	2	0	0	0	2	2	2	0	0	0	0	2	2	0	2	2	0	0	0	0	2	2	0	0	2	2	0	2
12_20023659_22150669	12	2	2	0	2	2	2	0	2	2	2	0	2	0	0	0	0	2	0	0	2	0	0	0	2	2	0	0	0	0	0	2	2	0	0	2	0	0	0	2	0	0	0	0	2	2	0	0
12_22150670_22295131	12	2	2	2	2	2	2	0	2	2	0	0	2	2	2	0	0	2	0	0	2	0	0	0	2	2	0	0	0	0	0	2	0	0	0	2	0	0	0	2	0	0	0	0	2	2	0	0
12_22295132_24053363	12	2	2	2	2	2	2	0	2	2	0	0	2	2	2	0	0	2	0	0	2	0	0	0	2	0	0	0	0	0	0	2	0	0	0	2	0	0	0	2	0	0	0	0	2	2	0	0
12_24053364_24947147	12	2	0	2	2	2	2	0	0	2	0	0	2	2	2	0	0	2	0	0	2	0	0	0	2	0	0	0	0	0	0	2	0	0	0	2	0	0	0	2	2	2	0	0	2	2	0	0
12_24947148_26947769	12	2	0	2	2	2	0	0	0	0	0	2	2	2	2	0	0	2	0	0	2	0	2	0	2	0	0	0	0	0	0	2	0	0	0	2	2	0	0	2	2	2	2	0	0	2	2	0
12_26947770_27527280	12	2	0	2	0	2	0	0	0	0	0	2	2	2	2	0	0	2	0	0	2	0	2	0	2	0	0	0	0	0	0	0	0	0	0	0	2	0	0	2	2	2	2	0	0	2	2	0
