chr	start	end	N0060	N0061	N0062	N0063	N0064	N0065	N0066	N0067	N0068	N0069	N0070	N0071	N0072	N0073	N0074	N0075	N0076	N0077	N0078	N0079	N0080	N0081	N0082	N0083	N0084	N0085	N0086	N0087	N0088	N0089	N0090	N0091	N0092	N0093	N0094	N0095	N0096	N0097	N0098	N0099	N0100	N0101	N0102	N0103	N0104	N0105	N0106
1	1	2146985	0	0	2	2	2	0	0	2	2	2	0	1	2	2	2	2	1	2	2	0	2	0	2	2	2	0	0	2	2	2	2	0	2	0	0	0	0	2	2	2	0	0	0	2	0	2	2
1	2146986	2350291	2	0	2	2	2	0	0	2	2	2	0	0	2	2	2	2	0	2	2	2	2	0	2	2	0	0	2	2	2	2	2	0	2	0	0	2	0	2	2	2	2	0	0	2	0	2	2
1	2350292	2549669	2	0	2	2	2	0	0	2	2	2	0	0	2	2	2	2	0	2	2	2	2	0	2	2	0	0	2	2	2	2	2	0	2	0	0	2	0	2	2	2	2	0	0	2	2	2	2
1	2549670	2632413	2	0	2	2	2	0	0	2	2	2	0	0	2	2	2	2	0	0	0	2	2	0	2	2	0	0	2	2	2	2	2	0	2	0	0	2	0	2	2	2	2	0	0	2	2	2	2
1	2632414	2839978	2	0	2	2	2	2	0	2	2	2	0	0	2	2	2	2	0	0	0	2	2	0	2	2	0	0	2	2	2	2	2	0	2	0	0	2	0	2	2	2	2	0	0	2	2	2	2
1	2839979	3053952	2	0	2	2	2	2	0	2	2	2	0	0	2	2	2	2	0	0	0	2	2	0	2	2	2	0	2	2	2	2	2	0	2	0	0	2	0	2	2	2	2	0	0	2	2	2	2
1	3053953	3168543	2	0	2	2	2	2	0	2	2	2	0	2	2	2	2	2	2	0	0	2	2	0	2	2	2	0	2	2	2	2	2	0	2	0	0	2	0	2	2	2	2	0	0	2	2	2	2
1	3168544	4316400	2	0	2	2	2	2	0	2	2	0	0	2	2	2	2	2	2	0	0	2	2	0	2	2	2	0	2	2	2	2	2	0	2	0	0	2	0	2	2	2	2	0	0	2	2	2	2
1	4316401	4393200	2	0	2	2	2	2	0	2	2	0	0	2	2	2	2	2	2	0	0	2	2	2	2	2	2	0	2	2	2	2	2	0	2	0	0	2	0	2	2	2	2	0	0	2	2	2	2
1	4393201	4666069	0	0	2	2	0	2	0	2	2	0	0	0	2	2	2	2	0	0	0	0	2	2	2	2	0	0	2	0	2	2	2	0	2	0	0	2	0	2	2	2	0	0	0	2	2	2	2
1	4666070	5196597	0	0	2	2	0	2	0	2	2	0	0	0	2	2	2	2	0	0	0	0	2	2	2	2	0	0	2	0	2	2	2	0	2	0	0	2	0	2	0	2	0	0	0	2	2	2	2
1	5196598	5410984	0	2	2	2	0	2	0	2	2	0	0	0	2	2	2	2	0	0	0	0	2	2	2	2	0	0	2	0	2	2	2	0	2	0	0	2	0	2	0	2	0	0	0	2	2	2	2
1	5410985	5766484	0	2	2	2	0	2	0	2	2	0	2	0	2	2	2	2	0	0	0	0	2	2	2	0	0	0	0	0	2	2	2	0	2	0	0	2	0	2	0	2	2	0	0	2	2	2	2
1	5766485	5829240	0	2	2	2	0	2	0	2	2	0	2	0	2	2	2	2	0	0	0	0	2	2	2	0	0	0	0	0	2	2	2	0	0	0	0	2	0	2	0	2	2	0	0	2	2	2	0
1	5829241	6013824	0	2	2	2	0	2	0	2	2	0	2	0	2	2	2	2	0	0	0	0	2	2	2	0	0	0	0	0	2	2	2	0	0	0	0	2	0	2	0	2	2	0	0	2	0	2	0
1	6013825	6535376	0	2	2	2	0	2	0	2	2	0	2	0	2	2	2	2	0	0	0	0	2	2	2	0	0	0	0	0	2	2	2	0	0	0	0	2	0	2	0	2	2	0	0	2	0	2	2
1	6535377	7797897	0	2	2	2	0	2	0	2	2	0	2	0	2	2	2	0	0	0	0	0	2	2	2	0	0	0	0	0	2	2	2	0	0	0	0	2	0	2	0	2	2	0	0	2	0	2	2
1	7797898	8495976	0	2	2	2	0	2	0	2	2	0	2	0	2	2	2	0	0	0	0	0	2	2	2	0	0	0	0	2	2	2	2	0	0	0	0	2	0	2	0	2	2	0	0	2	0	2	2
1	8495977	11182416	0	2	2	2	0	2	0	2	2	0	2	0	2	2	2	0	0	0	0	0	2	2	2	0	0	0	0	2	2	2	2	0	0	0	0	2	0	2	0	2	2	0	0	2	0	0	2
1	11182417	11591961	0	2	2	2	0	0	0	2	2	0	2	0	2	2	2	0	0	0	0	0	2	2	2	0	0	0	0	2	2	2	2	0	0	0	0	2	0	2	0	2	2	0	0	2	0	0	2
1	11591962	11782505	0	2	2	2	0	0	0	2	2	0	2	0	2	2	2	0	0	0	0	0	2	2	2	0	0	0	0	2	2	0	2	0	0	0	0	2	0	2	0	2	2	0	0	2	0	0	2
1	11782506	12219858	0	2	2	2	0	0	0	2	0	0	2	0	2	2	2	0	0	0	0	0	2	2	0	0	0	0	0	2	2	0	2	0	0	0	0	2	0	2	0	2	2	0	0	0	0	0	2
1	12219859	13346163	0	2	2	2	0	0	0	2	0	0	2	0	2	2	2	0	0	0	0	0	0	2	0	0	2	0	0	2	2	0	2	0	0	0	0	2	0	2	0	2	2	0	0	0	0	0	2
1	13346164	16379658	0	0	0	0	0	0	0	0	0	0	0	0	0	0	2	0	0	0	0	0	0	0	0	0	2	0	0	0	0	0	0	0	0	0	0	2	0	2	0	2	0	0	0	0	0	0	2
1	16379659	16562405	0	2	2	2	0	0	0	2	0	0	0	0	2	2	2	2	0	2	2	0	0	2	0	0	2	0	0	0	0	0	2	0	0	0	0	2	0	2	2	2	2	2	0	0	0	0	2
1	16562406	17024846	0	2	2	2	0	0	0	2	0	0	0	0	2	2	2	2	0	2	2	0	0	2	0	0	2	0	0	0	0	0	2	0	0	0	0	2	0	2	2	2	2	2	2	0	0	0	2
1	17024847	17795915	0	2	2	2	0	0	0	2	0	0	1	0	2	2	2	2	0	2	2	0	0	2	0	0	2	0	0	0	0	0	2	0	0	0	0	2	0	2	2	2	2	2	2	0	0	0	2
1	17795916	17903989	0	2	2	2	0	0	0	2	0	0	1	0	2	2	2	2	0	2	2	0	0	2	0	0	2	0	0	0	0	0	2	0	0	0	0	2	0	2	2	2	2	2	2	0	0	0	0
1	17903990	17972274	0	2	2	2	0	0	0	2	0	0	1	0	2	2	2	2	0	2	2	0	0	2	0	0	2	0	0	0	0	0	2	0	0	0	0	2	0	2	2	0	2	2	2	0	0	0	0
1	17972275	18575024	0	0	0	0	0	0	0	0	0	0	1	0	0	0	2	2	0	0	0	0	0	0	0	0	2	0	0	0	0	0	0	0	0	0	0	2	0	0	0	0	0	0	0	0	0	0	0
1	18575025	19247995	2	0	0	0	0	0	0	0	0	0	1	0	0	0	2	2	2	0	0	2	0	0	0	0	2	0	0	0	0	0	0	0	0	0	0	2	0	0	0	0	0	0	0	0	0	0	0
1	19247996	19340405	2	2	0	2	0	0	2	2	0	0	1	0	2	2	2	2	2	2	2	2	2	0	2	0	2	0	0	0	0	0	2	0	0	0	0	2	0	2	2	0	0	2	2	0	0	0	2
1	19340406	21115794	2	2	2	2	0	0	2	2	0	0	1	0	2	2	2	2	2	2	2	2	2	0	2	2	2	0	0	0	0	2	2	0	0	0	0	2	0	2	2	0	0	2	2	0	0	0	2
1	21115795	22891701	2	2	2	2	0	0	2	2	0	0	1	0	2	2	0	0	2	2	2	2	2	0	2	2	2	0	0	0	0	2	2	0	0	0	0	2	0	2	2	0	0	2	2	0	0	0	2
1	22891702	23393379	2	2	2	2	0	0	2	2	2	2	2	2	2	2	0	0	2	2	2	2	2	0	2	2	2	0	0	2	2	2	2	0	0	2	0	2	2	2	2	0	0	2	2	2	2	2	2
1	23393380	23522013	2	2	2	2	0	0	2	2	2	2	2	2	2	2	0	0	2	2	2	2	2	0	2	2	2	0	0	2	2	2	2	2	0	2	0	2	2	2	2	0	0	2	2	2	2	2	2
1	23522014	23770874	0	2	2	2	0	0	2	2	2	2	2	0	2	2	0	0	0	2	2	0	2	0	2	2	2	0	0	2	2	2	2	2	0	2	0	2	2	2	2	0	0	2	2	2	2	2	2
1	23770875	23954338	0	0	0	0	0	0	0	0	0	0	0	0	0	0	0	0	0	0	0	0	0	0	0	0	0	0	0	2	0	0	0	0	0	0	0	2	0	2	0	0	0	0	0	0	2	0	0
1	23954339	24072091	0	0	0	0	0	0	0	0	0	0	0	0	0	0	0	0	0	0	0	0	0	0	0	0	0	0	0	2	0	0	0	0	0	0	0	2	0	2	0	2	2	0	0	0	2	0	0
1	24072092	24441896	0	0	0	0	0	0	0	0	0	0	0	0	0	0	0	0	0	0	0	0	0	0	0	0	0	0	0	0	0	0	0	0	0	0	0	2	0	2	0	2	2	0	0	0	2	0	0
1	24441897	25753394	2	0	0	0	2	0	0	0	0	0	0	2	0	0	0	0	2	0	0	0	0	0	0	0	0	0	0	0	0	0	0	0	0	0	0	2	0	2	0	2	2	0	0	0	2	0	0
1	25753395	26321293	2	0	2	2	2	0	2	2	2	2	2	2	2	2	0	0	2	2	2	0	0	0	0	0	0	0	2	0	0	0	0	0	0	0	2	2	2	2	2	2	2	0	2	2	2	2	2
1	26321294	26387298	2	0	2	2	2	0	2	2	2	2	2	2	2	2	0	0	2	2	2	0	0	0	0	0	0	0	2	0	0	0	0	0	0	0	2	2	2	2	2	2	2	0	2	2	0	2	2
1	26387299	26771995	2	0	2	2	2	0	2	2	2	2	2	2	2	2	0	0	2	2	2	0	0	0	0	0	0	0	2	0	0	0	0	0	0	0	2	2	2	2	2	2	2	0	2	2	0	2	0
1	26771996	27032600	2	0	0	2	2	0	2	2	2	2	2	2	2	2	0	0	2	2	2	0	0	0	0	0	0	0	2	0	0	0	0	0	0	0	2	2	2	2	2	2	2	0	2	2	0	2	0
1	27032601	28220715	2	0	0	2	2	0	2	2	2	2	2	2	2	2	0	0	2	2	2	0	0	0	0	0	0	0	2	0	0	0	0	0	0	2	2	2	2	2	2	2	2	0	2	2	0	2	0
1	28220716	28604678	2	0	0	2	2	0	0	2	2	2	2	2	2	2	0	0	2	2	2	0	0	0	0	0	0	0	2	0	0	0	0	0	0	2	2	2	0	2	0	0	2	0	2	2	0	2	0
1	28604679	29432458	2	0	0	2	2	0	0	2	2	2	2	2	2	2	2	2	2	2	2	2	0	2	0	0	0	0	2	0	0	0	0	0	0	2	2	2	0	2	0	0	2	0	2	2	0	2	0
1	29432459	31763530	2	0	0	2	2	0	0	2	2	2	2	2	2	2	2	2	2	2	2	2	0	2	0	0	0	0	2	0	0	2	0	0	0	2	2	2	0	2	0	0	2	0	2	2	0	2	0
1	31763531	32087722	2	0	0	2	2	0	0	2	2	2	2	2	2	2	2	2	2	2	2	2	0	2	0	2	0	0	2	2	0	2	0	0	0	2	2	0	0	2	0	2	2	0	0	2	0	0	0
1	32087723	33299448	2	0	0	2	2	0	0	2	0	2	2	2	2	2	2	2	2	2	2	2	0	2	0	2	0	0	2	2	0	2	0	0	0	2	2	0	0	2	0	2	2	0	0	0	0	0	0
1	33299449	33533328	2	0	0	2	2	0	0	2	0	2	2	2	2	2	2	2	2	2	2	0	0	2	0	2	0	0	2	2	2	2	0	0	0	2	2	0	0	2	0	2	2	0	0	0	0	0	0
1	33533329	34358897	0	0	0	2	2	0	0	2	0	2	2	2	2	2	2	2	2	2	2	0	0	2	0	2	0	0	2	2	2	2	0	0	0	2	2	0	0	2	0	2	2	0	0	0	0	0	0
1	34358898	34675391	0	0	0	2	2	0	0	2	0	2	2	2	2	2	2	2	2	2	2	0	0	2	0	2	0	0	2	0	2	2	0	0	0	2	2	0	0	2	0	2	2	0	0	0	0	0	0
1	34675392	34920359	0	2	0	2	2	0	0	2	0	2	0	2	2	2	0	0	2	2	2	0	0	2	0	0	0	0	2	0	2	2	0	0	0	2	2	0	0	0	0	2	2	0	0	0	0	0	0
1	34920360	35224065	0	2	0	2	2	0	0	2	0	2	0	2	2	2	0	0	2	2	2	0	0	2	0	0	0	0	2	0	2	2	0	0	2	2	2	0	0	0	2	2	2	0	0	0	0	0	0
1	35224066	35513926	0	2	0	2	2	0	0	2	0	2	0	2	2	2	0	0	2	2	2	0	0	2	0	0	0	0	2	0	2	2	0	0	2	2	0	0	0	0	2	2	2	0	0	0	0	0	0
1	35513927	37126176	0	2	0	2	2	0	0	2	0	2	0	2	2	2	0	0	2	2	2	0	0	2	0	0	0	0	2	0	2	2	0	0	2	2	0	0	2	0	2	2	2	0	0	0	0	0	0
1	37126177	38308883	2	2	0	2	2	0	0	2	0	2	0	2	2	2	0	0	2	2	2	0	0	2	0	0	0	0	2	0	2	2	0	0	2	2	0	0	2	0	2	2	2	0	0	0	0	0	0
1	38308884	40488152	2	0	0	2	2	0	0	2	0	2	0	2	2	2	0	0	2	2	2	0	0	2	0	0	0	0	2	0	2	2	0	0	2	2	0	0	2	0	2	2	1	0	0	0	0	0	0
1	40488153	41386306	2	0	0	2	2	0	0	2	2	2	2	2	2	2	0	0	2	0	0	0	0	2	0	0	0	0	2	0	2	2	2	0	2	2	0	0	2	0	2	2	1	0	0	2	0	0	0
1	41386307	41459205	2	0	0	2	2	0	0	2	2	2	2	2	2	2	0	0	2	0	0	0	0	2	0	0	0	0	2	0	2	2	2	0	2	2	0	0	2	0	2	1	1	0	0	2	0	0	0
1	41459206	41700106	2	0	0	0	0	0	0	2	2	2	2	2	2	2	0	0	2	0	0	0	0	2	0	0	0	0	2	0	2	2	2	0	2	2	0	0	2	0	0	1	1	0	0	2	0	0	0
1	41700107	41840077	2	0	2	0	0	0	0	2	2	2	2	2	2	2	0	0	2	0	0	0	0	2	0	0	2	0	2	2	2	2	2	0	2	2	0	0	2	0	0	1	1	0	0	2	0	0	0
1	41840078	41895889	2	0	2	0	0	0	0	2	2	2	2	2	0	0	0	0	2	0	0	0	0	2	0	0	2	0	2	2	2	2	2	0	2	2	2	0	2	0	0	1	1	0	2	2	0	0	0
1	41895890	42257642	2	0	2	0	0	0	0	2	2	2	2	2	0	0	0	0	2	0	0	0	0	2	2	0	2	0	2	2	2	2	2	0	2	2	2	0	2	0	0	1	1	0	2	2	0	0	0
1	42257643	43269728	0	0	0	0	0	0	0	2	2	2	2	0	0	0	0	0	0	0	0	0	0	2	2	0	2	0	2	2	2	2	2	0	2	2	2	0	2	2	0	0	0	0	2	2	0	0	0
2	1	2459280	1	2	0	0	2	1	0	0	2	2	0	1	0	0	0	0	2	2	2	2	0	0	0	2	2	0	0	2	2	2	0	0	2	2	0	2	0	0	2	2	2	2	2	2	0	2	2
2	2459281	2949659	2	2	0	0	2	2	0	0	2	2	0	2	0	0	0	0	2	2	2	2	0	0	0	2	2	0	0	2	2	2	0	0	2	2	0	2	0	0	2	2	2	2	2	2	0	2	2
2	2949660	3293759	2	2	0	0	2	2	0	0	2	2	0	2	0	0	0	0	2	2	2	2	0	0	0	2	2	0	0	2	2	2	0	0	2	2	2	2	0	0	2	2	2	2	2	2	0	2	2
2	3293760	3368296	2	2	0	0	2	2	0	0	2	2	0	2	0	0	0	0	2	2	2	2	0	0	0	2	2	2	0	2	2	2	0	0	2	2	2	2	0	0	2	2	2	2	2	2	0	2	2
2	3368297	3427419	2	2	0	0	2	0	0	0	2	2	0	2	0	0	0	0	2	2	2	2	0	0	0	2	2	2	0	2	2	2	0	0	2	2	2	2	0	0	2	2	2	2	2	2	0	2	2
2	3427420	3708720	2	2	0	0	2	0	0	0	2	2	0	2	0	0	0	0	2	2	2	2	0	0	0	2	2	2	0	2	2	2	0	0	2	2	2	0	0	0	2	2	2	2	2	2	0	0	2
2	3708721	4380542	2	2	0	0	2	0	0	0	2	2	0	2	0	0	0	0	2	2	2	2	0	0	2	2	2	2	0	2	2	2	0	0	2	2	2	0	2	0	2	2	2	2	2	2	0	0	2
2	4380543	4448864	2	2	0	0	2	0	0	0	2	2	0	2	0	0	0	0	2	2	2	2	0	0	2	2	2	2	0	2	2	2	0	0	2	2	2	0	0	0	2	2	2	2	2	2	0	0	2
2	4448865	4511260	2	2	0	0	2	0	0	0	2	2	0	2	2	0	0	0	2	2	2	2	0	0	2	2	2	2	0	2	2	2	0	0	2	2	2	0	0	0	2	2	2	2	2	2	0	0	2
2	4511261	4835022	2	2	0	0	2	0	0	0	2	2	0	2	2	0	0	0	2	2	2	2	0	0	2	2	2	0	0	2	2	2	0	0	2	2	0	0	0	0	2	2	2	2	2	2	0	0	2
2	4835023	6785222	2	2	0	0	2	0	0	0	2	2	0	2	2	0	0	0	2	2	2	2	0	0	2	2	2	0	0	2	2	2	0	0	2	2	0	0	0	0	2	2	2	2	2	2	2	0	2
2	6785223	7143332	2	2	0	0	2	0	0	0	2	2	0	2	2	0	0	0	2	2	2	1	0	0	2	2	2	0	0	2	2	2	0	0	2	2	0	0	0	0	2	2	2	2	0	2	2	0	2
2	7143333	7336014	2	2	0	0	2	0	0	0	2	2	0	2	2	0	0	0	2	2	2	1	0	0	2	2	2	0	0	2	2	2	0	0	2	2	0	0	0	0	0	2	2	2	0	2	2	0	2
2	7336015	7414161	2	2	0	0	2	0	0	0	2	2	0	2	2	0	0	0	2	2	2	1	0	0	2	2	2	0	0	2	2	2	0	0	2	2	0	0	0	0	0	2	2	2	0	2	2	0	1
2	7414162	7633985	2	2	0	0	2	0	0	0	2	0	0	2	2	0	0	0	2	2	2	1	0	0	2	2	2	0	0	2	2	2	0	0	2	0	0	0	0	0	0	2	1	2	0	2	2	0	1
2	7633986	8697454	2	2	0	0	2	0	0	0	2	0	0	2	2	0	0	0	2	2	2	1	0	0	0	2	2	0	0	2	2	2	0	0	2	0	0	0	0	0	0	2	1	2	0	2	2	0	1
2	8697455	9431713	2	2	0	0	2	0	0	0	2	0	0	2	2	0	0	0	2	2	2	1	0	0	0	2	2	2	0	2	2	2	0	0	2	0	0	0	0	0	0	2	1	2	0	2	2	0	1
2	9431714	9493972	2	2	0	0	2	0	0	0	2	0	0	2	2	0	0	0	2	2	2	1	0	0	0	2	2	2	0	2	2	2	0	0	2	0	0	2	0	0	0	2	1	2	0	2	2	0	1
2	9493973	9726556	2	2	0	0	2	0	0	2	2	0	0	2	2	2	0	0	2	2	2	1	0	0	0	2	2	2	0	2	2	2	0	0	2	0	0	2	0	0	0	2	1	2	0	2	2	0	1
2	9726557	9995341	2	2	0	0	2	0	0	2	2	0	0	2	2	2	2	2	2	2	2	1	0	0	0	2	2	2	0	2	2	2	0	0	2	0	0	2	0	0	0	2	1	2	0	2	2	0	1
2	9995342	10185862	2	2	0	0	2	0	0	2	2	0	0	2	2	2	2	2	2	2	2	0	0	0	0	2	2	2	0	2	2	2	0	0	2	0	0	2	0	0	0	2	1	2	0	2	2	0	1
2	10185863	11983849	2	2	0	0	2	0	0	2	2	0	0	2	2	2	2	2	2	2	2	0	0	0	0	2	2	2	0	2	2	2	0	0	2	0	0	2	0	0	0	2	1	2	0	2	0	0	1
2	11983850	12178084	2	2	0	0	2	0	0	2	2	0	0	2	2	2	2	2	2	0	0	0	0	0	0	2	2	2	0	2	2	2	0	0	0	0	0	2	0	0	0	2	1	2	0	2	0	0	1
2	12178085	12298022	2	2	0	0	2	0	0	2	2	0	0	2	2	2	2	2	2	0	0	0	0	0	2	2	2	2	0	2	2	2	0	0	0	0	0	2	0	0	0	2	1	2	2	2	0	0	1
2	12298023	13261214	2	2	0	0	2	0	0	2	2	0	0	2	2	2	2	2	2	0	0	0	0	0	2	2	2	0	0	2	2	2	0	0	0	0	0	2	0	0	0	2	1	2	2	2	0	0	1
2	13261215	16422019	0	2	0	0	2	0	0	2	2	0	0	2	2	2	2	2	2	0	0	0	0	0	2	2	2	0	0	2	2	2	0	0	0	0	0	2	0	0	0	2	1	2	2	2	0	0	1
2	16422020	16629745	0	2	0	0	2	0	2	2	2	0	0	2	2	2	2	2	2	0	0	0	0	0	2	0	2	0	0	1	2	2	0	0	0	0	0	2	0	0	2	2	2	2	2	2	0	0	1
2	16629746	17908535	0	2	0	0	2	0	2	2	2	0	0	2	2	2	2	2	2	0	0	0	0	0	2	0	2	0	0	2	2	2	0	0	0	0	0	2	0	0	2	2	2	2	2	2	0	0	0
2	17908536	18209071	2	2	0	0	2	0	2	2	2	0	0	2	0	0	2	2	2	0	0	0	0	0	2	0	2	0	0	2	2	2	0	0	0	0	2	2	2	0	0	2	2	2	2	2	0	0	0
2	18209072	18388453	2	2	0	0	2	0	2	2	2	0	0	2	0	0	2	2	2	0	0	0	0	0	2	0	2	0	0	2	2	2	0	2	0	0	2	2	2	0	0	2	2	2	2	2	0	0	0
2	18388454	18884864	2	2	0	0	2	0	2	2	2	0	0	2	0	0	2	2	2	0	0	0	0	0	2	0	0	0	0	0	2	2	0	2	0	0	2	2	2	0	0	2	2	2	2	2	0	0	0
2	18884865	19165109	2	2	0	0	0	0	2	2	2	0	0	2	0	0	2	2	2	0	0	0	0	0	2	0	0	0	0	0	2	2	0	0	0	0	0	2	0	0	0	2	2	2	2	2	0	0	0
2	19165110	20500912	0	2	0	0	0	0	2	2	2	0	2	2	0	0	2	2	0	0	0	2	0	0	2	0	0	0	2	0	2	2	0	0	0	0	0	2	0	0	0	2	2	2	2	2	0	0	0
2	20500913	20741536	0	2	0	0	0	0	2	2	2	0	2	2	2	0	0	0	0	2	0	2	0	0	2	0	0	0	2	0	2	2	0	2	0	0	0	2	0	0	0	2	2	2	2	2	0	0	0
2	20741537	21056672	0	2	0	0	0	0	2	2	0	0	2	2	2	0	0	0	0	2	0	2	0	0	2	0	0	0	2	0	2	2	0	2	0	0	0	2	0	0	0	2	2	2	2	2	0	0	0
2	21056673	21130308	0	2	0	0	0	0	2	2	0	0	2	2	2	0	0	0	0	2	0	2	0	2	2	0	0	0	2	0	2	2	0	2	0	0	0	2	0	0	0	2	2	2	2	2	0	0	0
2	21130309	21377546	0	2	0	0	0	0	2	2	0	0	2	0	2	0	0	0	0	2	0	2	0	2	2	0	0	0	2	0	2	2	0	2	0	0	0	2	0	0	0	2	2	2	2	2	0	0	0
2	21377547	21778775	0	2	0	0	0	0	2	2	0	0	2	0	2	0	0	0	0	2	0	2	2	2	2	0	0	0	2	0	2	2	0	2	0	0	0	2	0	0	0	2	2	2	2	2	0	0	0
2	21778776	22648996	0	2	0	0	0	0	2	2	0	2	2	0	2	0	0	0	0	2	0	2	2	2	2	0	0	0	2	0	2	2	0	2	0	0	0	0	0	0	0	0	0	2	2	2	0	0	0
2	22648997	23159610	0	2	0	0	0	0	2	2	0	2	2	0	2	0	0	0	0	0	0	2	2	2	2	0	2	0	2	0	2	2	0	2	0	0	0	0	0	0	0	0	0	2	2	2	0	0	0
2	23159611	23320243	0	2	0	0	0	2	2	2	0	2	2	0	2	2	0	0	0	0	0	2	2	2	2	0	2	0	2	0	2	2	0	2	0	0	0	0	0	0	2	0	0	2	2	0	0	0	0
2	23320244	23377510	0	2	0	0	0	2	2	2	0	2	2	0	2	2	0	0	0	0	0	2	2	2	2	0	2	0	2	0	2	2	0	2	0	0	0	0	0	2	2	0	0	2	2	0	0	0	0
2	23377511	23519145	0	2	0	0	0	2	2	2	0	2	2	0	2	2	0	0	0	0	0	2	2	2	2	0	2	0	2	0	2	2	0	2	0	0	0	0	0	2	2	2	2	2	2	0	0	0	0
2	23519146	24279571	0	2	0	0	1	2	2	2	0	2	2	0	2	2	0	0	0	0	0	2	2	2	2	0	2	0	2	0	2	2	0	2	0	0	0	0	0	2	2	2	2	2	2	0	0	0	0
2	24279572	24332417	2	2	0	0	1	2	2	2	0	2	2	2	2	2	0	0	2	0	0	2	2	2	2	0	2	0	2	2	2	2	0	2	0	0	0	0	0	2	2	2	2	2	2	0	0	0	0
2	24332418	25119649	2	2	0	0	1	2	2	2	0	0	2	2	2	2	0	0	2	0	0	2	2	2	0	0	2	0	2	2	0	0	0	2	0	0	0	0	0	2	2	2	2	2	2	0	0	0	0
2	25119650	25236065	2	2	0	0	1	2	2	2	0	0	2	2	2	2	0	0	2	0	0	2	2	2	0	0	2	0	2	2	0	0	0	2	0	2	0	2	0	2	2	2	2	2	2	0	0	2	0
2	25236066	25877008	2	2	0	0	2	2	2	2	0	0	2	2	2	2	0	0	2	0	0	2	2	2	0	0	2	0	2	2	0	0	0	2	0	2	0	2	0	2	2	2	2	2	2	0	0	2	0
2	25877009	26279037	2	2	0	0	2	2	2	2	0	0	2	2	2	2	0	0	2	0	0	0	0	2	0	0	2	0	2	2	0	0	0	2	0	2	0	2	0	2	2	2	2	2	2	0	0	2	0
2	26279038	27364931	2	2	0	0	2	2	2	2	0	0	2	2	2	2	0	0	2	0	0	0	0	2	0	0	2	0	2	2	0	0	0	2	0	2	0	2	2	2	2	2	2	2	2	0	0	2	0
2	27364932	27696835	2	2	0	0	2	0	2	2	0	0	0	2	2	2	0	0	2	2	2	0	0	2	0	0	2	2	2	2	0	0	0	2	0	2	0	2	2	2	0	2	2	2	2	0	0	0	0
2	27696836	27767915	2	2	0	0	2	0	2	2	0	0	0	2	2	2	0	0	2	2	2	0	0	2	0	0	2	2	2	2	0	0	2	2	0	2	0	2	2	2	0	2	2	2	2	0	0	0	0
2	27767916	28328826	2	2	0	0	2	0	2	2	0	0	0	2	2	2	0	0	2	2	2	0	0	2	0	0	2	2	2	2	0	0	2	2	0	2	0	2	2	2	0	2	2	2	2	0	2	0	0
2	28328827	28519965	2	2	0	0	2	0	2	2	0	0	0	2	2	2	0	0	2	2	2	0	0	2	0	0	0	2	2	2	0	0	2	2	0	2	0	2	2	2	0	2	2	2	2	0	2	0	0
2	28519966	29062117	2	2	2	0	2	0	2	2	0	0	0	2	2	2	0	0	2	2	2	0	0	2	0	0	0	2	2	2	0	0	2	2	0	2	0	2	2	2	0	2	2	2	2	0	2	0	0
2	29062118	30087920	2	2	2	0	2	0	2	2	0	0	0	2	0	0	0	0	2	2	2	0	0	2	0	0	0	2	2	2	0	0	2	0	0	2	0	2	2	2	0	2	2	2	2	0	2	0	0
2	30087921	30292944	2	2	2	0	2	0	2	2	0	0	0	2	0	0	0	0	2	2	2	0	0	2	0	0	0	2	2	2	0	0	2	0	0	2	0	0	2	2	0	2	2	2	2	0	2	0	0
2	30292945	30657920	2	2	2	0	2	0	2	2	0	0	0	2	0	0	0	0	2	0	0	0	0	2	0	0	0	2	2	2	0	0	2	0	0	2	0	0	2	2	0	2	0	2	2	0	2	0	0
2	30657921	30964962	2	0	2	0	2	0	2	2	0	0	0	2	0	0	0	0	2	0	0	0	0	2	0	0	0	2	2	2	0	0	2	0	0	2	0	0	2	2	0	2	0	2	2	0	2	0	0
2	30964963	32138220	2	0	2	0	2	0	2	2	0	0	0	2	0	0	0	0	2	0	0	0	0	2	0	0	0	2	2	2	0	0	2	0	0	2	0	0	2	0	0	2	0	2	2	0	2	0	0
2	32138221	32551178	2	0	2	0	2	0	2	2	0	0	0	2	0	0	0	0	2	0	0	0	0	2	0	0	0	0	2	2	0	0	2	0	0	2	0	0	2	0	0	2	0	2	2	0	2	0	0
2	32551179	33111899	2	0	2	2	2	0	2	2	0	0	0	2	0	0	0	0	2	0	0	0	0	2	0	0	0	0	2	2	0	0	2	0	0	2	0	0	2	0	0	2	0	2	2	0	2	0	0
2	33111900	34066797	2	0	2	2	2	0	2	0	0	0	0	2	0	0	0	0	2	0	0	0	0	2	0	0	0	0	2	2	0	0	2	0	0	2	0	0	2	0	0	2	0	2	2	0	2	0	0
2	34066798	34244837	2	0	0	2	2	0	2	0	0	0	0	2	0	0	0	0	2	0	0	0	0	2	0	0	0	0	2	2	0	0	2	0	0	2	0	0	2	0	0	2	0	2	2	0	2	0	0
2	34244838	34387650	2	0	0	2	2	0	2	0	0	0	0	2	0	0	0	0	2	0	0	2	0	2	0	0	0	0	2	2	0	0	2	0	0	2	0	0	2	0	0	2	0	2	2	0	2	0	0
2	34387651	34640672	2	0	0	2	2	0	2	0	0	0	0	2	0	0	0	0	2	0	0	2	0	2	0	0	0	0	2	2	0	0	2	0	0	0	0	0	2	0	0	2	0	2	2	0	2	0	0
2	34640673	35786773	2	0	0	2	2	0	2	0	0	0	2	2	0	0	0	0	2	0	0	2	0	2	0	0	0	0	0	2	2	2	2	2	0	0	2	0	0	0	2	2	0	2	2	0	2	0	0
3	1	3103485	0	2	2	0	2	2	0	0	0	0	2	0	0	0	0	0	0	2	2	0	2	0	2	2	2	0	0	0	0	0	0	0	2	0	0	0	0	0	2	2	2	0	0	0	0	2	2
3	3103486	3533035	2	2	2	0	2	2	0	0	0	0	2	2	0	0	0	0	2	2	2	0	2	0	2	2	2	0	0	2	0	0	0	0	2	0	0	0	0	0	2	2	2	0	0	0	0	2	2
3	3533036	3856527	2	2	2	0	2	2	0	0	0	0	2	2	0	0	0	0	2	2	2	0	2	0	2	2	2	0	0	2	0	0	0	0	2	0	0	0	0	0	2	2	2	0	2	0	0	2	2
3	3856528	3915735	2	2	2	0	2	2	0	0	0	0	2	2	0	0	0	0	2	2	2	0	2	0	2	2	2	0	0	2	0	0	0	0	2	2	0	0	0	0	2	2	2	0	2	0	0	2	2
3	3915736	4064398	2	2	2	0	2	2	0	0	0	0	2	2	0	0	2	2	2	2	2	0	2	0	2	2	2	0	0	2	0	0	0	0	2	2	2	0	2	0	2	2	2	0	2	0	0	2	2
3	4064399	4368623	0	2	2	0	0	2	0	0	0	0	0	0	0	0	2	2	0	2	2	0	2	0	2	2	0	0	0	0	0	0	0	0	2	2	2	0	2	0	2	2	2	0	2	0	0	0	2
3	4368624	4772228	0	2	2	0	0	2	0	0	0	2	0	0	0	2	2	2	0	2	2	0	2	0	2	2	0	0	0	0	0	0	0	0	2	2	2	0	2	0	2	2	2	0	2	0	0	0	2
3	4772229	4985839	0	2	2	0	0	0	0	0	0	2	0	0	0	2	2	2	0	2	2	0	0	0	0	2	0	0	0	0	0	0	0	0	2	2	2	0	2	0	2	2	2	0	2	0	0	0	2
3	4985840	5380671	0	2	2	0	0	0	0	0	0	2	0	0	0	2	0	0	0	2	2	0	0	0	0	2	0	0	0	0	0	0	0	0	2	2	2	0	2	0	2	2	2	0	2	0	0	0	2
3	5380672	5755301	0	2	2	0	0	0	0	0	0	2	0	0	0	2	0	0	0	2	2	0	0	0	0	2	0	0	0	0	0	0	0	0	0	2	2	0	2	0	2	2	2	0	2	0	0	0	2
3	5755302	6197420	0	2	2	0	0	0	0	0	0	2	2	0	0	2	0	0	0	2	2	0	0	0	0	2	0	0	0	0	0	0	0	0	0	2	2	0	2	0	2	2	2	0	2	0	0	0	2
3	6197421	6974897	0	2	2	0	0	0	0	0	0	2	2	0	0	2	0	0	0	2	2	0	0	0	0	2	0	0	0	0	0	0	0	0	0	0	0	0	0	0	2	2	2	0	2	0	0	0	2
3	6974898	7384971	0	2	2	0	0	2	0	0	0	2	2	2	0	2	0	0	0	2	2	2	0	0	0	2	0	0	0	0	0	0	0	0	0	0	0	0	0	0	2	2	2	0	2	0	0	0	0
3	7384972	7674348	2	2	2	0	0	2	0	0	0	2	2	2	0	2	0	0	2	2	2	2	0	0	0	2	0	0	0	2	0	0	0	0	0	0	0	0	0	2	2	2	2	0	2	0	0	0	0
3	7674349	7770953	2	2	2	0	0	2	0	0	0	2	2	2	0	2	0	0	2	2	2	2	0	0	0	2	0	0	0	2	0	0	0	0	0	0	0	0	0	2	2	2	2	0	0	0	0	0	0
3	7770954	8175503	2	2	2	0	2	2	0	0	0	2	2	2	0	2	0	0	2	2	2	2	2	0	0	2	0	0	0	2	0	0	0	0	0	0	0	0	0	2	2	2	2	0	0	0	0	0	0
3	8175504	8378067	2	2	2	0	2	2	0	0	0	2	0	2	0	2	0	0	2	2	2	2	2	0	0	2	1	0	0	2	0	0	0	0	0	0	0	0	0	2	2	2	2	0	0	0	0	0	0
3	8378068	9302869	2	2	2	0	2	2	0	0	0	2	0	2	2	2	0	0	2	2	2	2	2	0	0	2	1	0	2	2	0	0	0	0	0	2	2	2	2	2	2	2	2	0	0	0	0	2	0
3	9302870	9828999	2	2	2	0	2	2	0	0	0	0	0	2	2	2	0	0	2	2	2	2	2	0	0	2	1	0	2	2	0	0	0	0	0	2	2	2	2	2	2	2	2	0	0	0	0	2	0
3	9829000	9962275	2	2	2	0	2	2	0	0	0	0	0	2	2	2	0	0	2	2	2	2	2	0	0	2	1	0	2	2	0	0	2	0	0	2	2	2	2	0	2	2	2	0	0	0	0	2	0
3	9962276	10107153	2	2	2	0	2	2	0	0	0	0	0	2	2	2	0	0	2	2	2	0	0	0	0	2	1	0	2	2	0	0	2	0	0	2	2	2	2	0	2	2	2	0	0	0	0	2	0
3	10107154	10320378	2	2	2	0	2	2	0	0	0	0	0	2	2	2	0	0	2	2	2	0	0	0	0	2	2	0	2	2	0	0	2	0	0	2	2	2	2	0	2	2	2	0	0	0	0	2	0
3	10320379	11732632	2	2	2	0	2	2	0	0	0	0	0	2	2	2	0	0	2	2	2	0	0	0	2	2	2	0	2	2	0	0	2	0	0	2	2	2	2	0	2	2	2	2	0	0	2	2	0
3	11732633	12254636	2	0	2	0	2	2	0	0	0	0	0	2	2	2	0	0	2	2	2	0	0	0	2	2	2	0	2	2	0	0	2	0	0	2	2	2	2	0	2	2	2	2	0	0	2	2	0
3	12254637	12872230	2	0	2	0	2	2	0	2	0	0	0	2	2	2	0	0	2	2	2	0	0	0	2	2	2	0	2	2	0	0	2	0	0	2	2	2	2	0	2	2	2	2	0	0	2	2	0
3	12872231	13179282	2	0	2	0	2	2	0	2	0	0	0	2	2	2	0	0	2	2	2	2	0	0	2	2	2	0	2	2	0	0	2	0	0	2	2	2	2	0	2	2	2	2	0	0	2	2	0
3	13179283	13235104	2	0	0	0	2	2	0	2	2	0	2	2	2	2	0	0	2	2	2	2	0	0	2	2	2	0	2	2	0	0	2	0	0	2	2	2	2	0	2	2	2	2	0	2	2	2	0
3	13235105	14437380	2	0	0	0	2	2	0	2	2	0	2	2	2	2	0	0	2	2	2	2	0	0	2	2	2	0	2	2	0	0	2	0	0	2	2	2	2	2	2	2	2	2	0	2	2	2	0
3	14437381	14789535	2	0	0	0	2	2	2	2	2	0	2	2	2	2	0	0	2	2	2	2	0	0	2	2	2	0	2	2	0	0	2	0	0	2	2	2	2	2	2	2	2	2	0	2	2	2	0
3	14789536	14906553	2	0	0	0	2	2	2	2	2	0	2	2	2	2	0	0	2	0	2	2	0	0	2	2	0	0	2	2	0	0	2	0	0	2	2	2	2	2	0	2	2	2	0	2	2	2	2
3	14906554	15457426	2	2	0	0	2	2	2	2	2	0	2	2	2	2	0	0	2	0	2	2	0	0	2	2	0	0	2	2	0	0	2	0	0	2	2	2	2	2	0	2	2	2	0	2	2	2	2
3	15457427	15625522	2	0	0	0	2	2	2	2	2	0	2	2	2	2	0	0	2	0	2	2	0	0	2	2	0	0	2	2	0	0	2	0	0	2	2	2	2	2	0	2	2	2	0	2	2	2	2
3	15625523	15685283	2	0	0	0	2	2	2	2	2	0	2	2	2	2	0	0	2	0	2	2	2	0	2	2	0	0	2	2	0	0	2	0	0	2	2	2	2	2	0	2	2	2	0	2	2	2	2
3	15685284	15982193	2	0	0	0	2	2	2	2	2	2	2	2	2	2	0	0	2	0	2	2	2	0	2	2	0	0	2	2	0	0	2	0	0	2	2	2	2	2	0	2	2	2	0	2	2	2	2
3	15982194	16412744	2	0	0	0	2	2	2	2	2	2	2	2	2	2	0	0	2	0	2	2	2	0	2	2	0	0	2	2	0	0	2	0	0	2	2	2	2	2	0	2	2	0	0	2	2	2	2
3	16412745	16475209	2	0	0	0	2	2	2	2	2	2	0	2	2	2	0	0	0	0	2	2	2	0	2	2	0	0	2	2	0	0	2	0	0	2	2	2	0	0	0	2	2	0	0	2	2	2	2
3	16475210	17549764	2	0	0	0	0	2	2	2	2	2	0	2	2	2	0	0	0	0	2	2	2	0	2	2	0	0	2	2	0	0	2	0	0	2	2	2	0	0	0	2	2	0	0	2	2	2	2
3	17549765	17642949	2	0	0	0	0	2	2	2	2	2	2	2	2	2	0	0	2	0	2	2	2	0	2	2	0	0	0	2	0	0	2	0	0	2	2	2	2	2	0	2	2	0	0	2	2	2	2
3	17642950	17892112	2	0	0	0	0	0	0	0	0	2	2	2	0	0	0	0	2	0	0	2	0	0	0	0	0	0	0	2	0	0	0	0	0	0	0	2	2	2	0	2	0	0	0	0	2	0	0
3	17892113	17990878	2	0	0	0	0	0	0	0	0	2	2	2	0	0	0	0	2	0	0	2	0	0	0	0	0	0	0	2	0	0	0	0	0	0	0	2	2	2	0	2	0	0	0	0	0	0	0
3	17990879	23680450	2	0	0	0	0	0	0	0	0	2	2	2	0	0	0	0	2	0	0	2	0	0	0	0	0	0	0	2	0	0	0	0	0	0	0	2	2	2	0	0	0	0	0	0	0	0	0
3	23680451	23963485	2	0	0	0	0	0	2	2	0	2	2	2	2	2	2	2	2	0	0	2	0	2	2	2	0	0	0	2	0	0	2	0	0	0	0	2	2	2	0	0	0	2	2	0	0	2	2
3	23963486	24110520	2	0	0	2	0	0	2	2	0	2	2	2	2	2	2	2	2	0	0	2	0	2	2	2	0	0	0	2	0	0	2	0	0	0	0	2	2	2	0	0	0	2	2	0	0	2	2
3	24110521	24601766	2	0	0	2	0	0	2	2	0	2	2	2	2	2	2	2	2	0	0	2	0	2	2	2	0	0	0	2	0	0	2	0	0	0	0	2	2	2	0	0	0	2	2	0	2	2	2
3	24601767	26525902	2	0	0	2	2	0	2	2	0	2	2	2	2	2	2	2	2	0	0	2	0	2	2	2	0	0	0	2	0	0	2	0	0	0	0	2	2	2	0	0	0	2	2	0	2	2	2
3	26525903	26708395	2	0	0	2	2	0	2	2	0	2	2	2	2	2	2	2	2	0	0	2	0	2	2	2	0	0	0	2	0	0	2	0	0	0	0	0	2	2	0	0	0	2	2	0	2	2	2
3	26708396	26846174	2	0	0	2	2	0	2	2	0	2	2	2	2	2	2	2	2	0	0	2	0	2	2	2	0	0	0	2	2	2	2	0	0	0	0	0	2	2	0	0	0	2	2	0	2	2	2
3	26846175	27218802	2	0	2	2	2	0	2	2	0	2	2	2	2	2	2	2	2	0	0	0	0	2	2	2	2	0	0	2	2	2	0	0	0	0	0	0	0	0	0	0	0	2	2	0	2	2	2
3	27218803	36258179	2	0	2	2	2	0	2	2	0	2	0	2	2	2	2	2	2	0	0	0	0	2	2	2	2	0	0	2	2	2	0	0	0	0	0	0	0	0	0	0	0	2	2	0	2	2	2
4	1	487193	2	0	2	0	2	2	2	2	2	2	2	2	0	0	0	0	2	2	2	2	2	0	2	0	2	0	0	2	2	2	0	0	2	0	0	0	2	0	0	0	0	0	2	2	2	2	2
4	487194	692273	0	0	2	0	2	2	2	2	2	2	2	0	0	0	0	0	2	2	2	0	2	0	2	0	2	0	0	2	2	2	0	0	2	0	0	0	2	0	0	0	0	0	2	2	2	2	2
4	692274	1246547	0	0	2	0	2	2	2	2	2	2	2	0	0	0	0	2	2	2	2	0	2	0	2	0	2	0	0	2	2	2	0	0	2	0	0	0	2	0	0	0	0	0	2	2	2	2	2
4	1246548	1808553	2	0	2	0	2	2	2	2	2	2	2	2	0	0	0	2	2	2	2	2	2	0	2	0	2	0	0	2	2	2	0	0	2	0	0	0	2	0	0	0	0	0	2	2	2	2	2
4	1808554	1979323	2	2	2	0	2	2	2	2	2	2	2	2	0	0	0	2	2	2	2	2	2	0	2	0	2	0	0	2	2	2	0	0	2	0	0	0	2	0	0	0	0	0	2	2	2	2	2
4	1979324	2369312	2	2	2	0	2	2	2	2	2	2	2	2	0	0	0	0	2	2	2	2	2	0	2	0	2	0	0	2	2	2	0	0	2	0	0	0	2	0	0	0	0	0	2	2	2	2	2
4	2369313	2649619	2	2	2	0	2	2	2	2	2	2	2	2	0	0	0	0	2	2	2	2	2	0	2	0	2	0	0	2	2	2	0	0	2	0	0	0	2	0	0	2	0	0	2	2	2	2	2
4	2649620	2760540	2	2	2	0	2	2	2	2	2	2	2	2	0	0	0	0	2	2	2	2	2	0	2	0	2	0	0	2	2	2	0	0	2	0	0	0	2	0	0	2	0	0	2	2	2	0	2
4	2760541	4292650	2	2	2	0	2	2	2	2	2	2	2	2	0	0	0	0	2	2	2	2	2	0	2	0	2	0	0	2	2	2	0	0	2	2	0	0	2	0	0	2	0	0	2	2	2	0	2
4	4292651	4395477	0	2	2	0	2	2	2	2	2	2	2	2	0	0	0	0	0	2	2	2	2	0	2	0	2	0	0	2	2	2	0	0	2	2	0	0	2	0	0	2	0	0	2	2	2	0	2
4	4395478	4472405	0	2	2	0	2	2	2	2	2	2	2	2	0	0	0	0	0	2	2	2	2	0	2	0	2	0	0	2	2	2	0	0	2	0	0	0	2	0	0	2	0	0	2	2	2	0	2
4	4472406	6902605	0	2	2	0	2	2	2	2	2	0	2	2	0	0	0	0	0	2	2	2	2	0	2	0	2	0	0	2	2	2	0	0	2	0	0	0	2	0	0	2	0	0	2	2	2	0	2
4	6902606	6977575	0	2	2	0	2	0	2	2	2	0	2	2	0	0	0	0	0	2	2	2	2	0	2	0	2	0	0	2	2	2	0	0	2	0	0	0	2	0	0	2	0	0	2	2	2	0	2
4	6977576	7103576	0	2	2	0	2	0	0	0	0	0	2	2	0	0	0	0	0	2	2	2	2	0	2	0	2	0	0	2	2	2	0	0	2	0	0	0	0	0	0	2	2	0	2	0	0	0	0
4	7103577	7336308	0	2	2	0	2	0	0	0	0	0	2	2	0	0	2	2	0	2	2	2	2	0	2	0	2	0	0	2	2	2	0	0	2	0	0	0	0	0	0	2	2	0	2	0	0	0	0
4	7336309	10732474	2	2	2	0	2	0	0	0	0	0	2	2	0	0	2	2	2	2	2	2	2	0	2	0	2	0	0	2	2	2	0	0	2	0	0	0	0	0	0	2	2	0	2	0	0	0	0
4	10732475	11237232	2	2	2	0	2	0	0	0	0	0	2	2	0	0	2	2	2	2	2	2	2	0	2	0	2	0	0	0	2	2	0	0	2	0	0	0	0	0	0	2	2	0	2	0	0	0	0
4	11237233	11306004	2	2	2	0	2	0	0	0	0	0	2	2	0	0	2	2	2	2	2	2	2	0	2	0	0	0	0	0	2	2	0	0	2	0	0	0	0	0	0	2	2	0	2	0	0	0	0
4	11306005	11638117	2	2	2	0	2	0	0	0	0	0	2	2	0	0	2	2	2	2	2	2	2	0	2	0	0	0	0	0	2	2	0	0	2	0	0	0	0	0	0	0	2	0	2	0	0	0	0
4	11638118	12385798	2	2	2	0	2	0	0	0	0	0	2	2	0	0	2	2	2	0	0	2	2	0	2	0	0	0	0	0	2	2	0	0	2	0	0	0	0	0	0	0	2	0	2	0	0	0	0
4	12385799	13270104	2	2	2	0	2	0	0	0	0	0	2	2	0	0	2	2	2	0	0	2	2	0	2	0	0	0	0	0	2	2	0	0	2	0	0	0	0	0	0	2	2	0	2	0	0	0	0
4	13270105	14212633	2	2	2	0	2	0	0	0	0	0	2	2	2	2	2	2	2	0	0	2	2	0	2	0	0	0	0	0	2	2	0	0	2	0	0	0	0	0	0	2	2	2	2	0	0	0	0
4	14212634	14369984	2	2	2	2	2	0	0	0	0	2	2	2	2	2	2	2	2	0	0	2	2	0	2	0	0	0	0	0	2	2	0	0	2	0	0	0	0	0	2	2	2	2	2	0	0	0	0
4	14369985	15740460	2	2	2	2	2	0	0	0	0	2	2	2	2	2	2	2	2	0	0	2	2	0	2	0	0	0	0	2	2	2	0	0	2	0	0	0	0	0	2	2	2	2	2	0	0	0	0
4	15740461	15934997	2	2	2	2	2	0	0	0	0	0	2	2	2	2	2	2	2	0	0	2	2	0	2	0	0	0	0	2	2	2	0	0	2	0	0	0	0	0	2	2	2	2	2	0	0	0	0
4	15934998	16329434	2	2	2	2	2	0	0	0	0	0	2	2	2	2	2	2	2	0	0	2	2	0	2	0	2	0	0	2	2	2	0	0	2	0	0	0	0	0	2	2	2	2	2	0	0	0	0
4	16329435	16548268	2	2	2	2	2	0	0	0	0	0	2	2	2	2	2	2	2	0	0	2	2	0	2	0	2	2	0	2	2	2	0	0	2	0	0	0	0	0	2	2	2	2	2	0	0	0	0
4	16548269	17760714	2	2	2	2	2	0	0	0	0	0	2	2	2	2	2	2	2	0	0	2	2	0	2	0	2	2	0	2	2	2	0	0	2	2	2	0	0	0	2	2	2	2	2	0	0	0	0
4	17760715	17891577	2	2	0	2	0	0	0	0	0	0	2	2	2	2	2	2	2	0	0	2	2	2	2	0	2	2	0	0	2	2	0	0	0	2	2	0	0	0	0	2	2	2	2	0	0	0	0
4	17891578	18006573	2	2	0	2	0	0	0	0	0	0	2	2	2	2	2	2	2	0	0	2	2	2	2	0	2	2	0	0	2	2	0	0	0	2	2	0	0	0	0	2	2	2	0	0	0	0	0
4	18006574	18163987	2	2	0	2	0	0	0	0	0	0	2	2	2	2	2	2	2	0	0	2	2	2	2	0	0	0	0	0	2	2	0	0	0	2	2	0	0	0	0	2	2	2	0	0	0	0	0
4	18163988	19410888	0	2	0	2	0	0	0	0	0	0	2	0	2	2	2	2	2	0	0	0	0	2	2	0	0	0	0	0	2	2	0	0	0	0	2	0	0	0	0	2	2	2	0	0	0	0	0
4	19410889	19491416	0	2	0	2	0	0	2	0	0	0	0	0	2	2	2	2	2	0	0	0	0	2	2	0	2	0	0	0	2	2	0	0	0	0	0	0	0	0	0	2	2	2	0	0	0	0	0
4	19491417	19561469	0	2	0	2	0	0	2	0	0	0	0	0	2	2	2	2	1	2	2	0	0	2	2	0	2	0	0	0	2	2	0	0	0	0	0	0	0	0	0	2	2	2	0	0	0	0	0
4	19561470	19752866	1	2	0	2	0	0	2	0	0	0	0	1	2	2	2	2	1	2	2	0	0	2	2	2	2	0	0	2	2	2	0	0	0	0	0	0	0	0	0	2	2	2	0	0	0	0	0
4	19752867	20743978	1	2	0	2	2	0	2	0	0	0	0	1	2	2	2	2	1	2	2	0	0	2	0	2	2	0	0	2	0	2	0	0	0	0	0	0	0	0	0	2	2	2	0	0	0	0	0
4	20743979	21092744	1	2	0	2	2	0	2	0	0	0	0	1	2	0	2	2	1	2	2	0	0	0	0	2	2	0	0	2	0	2	0	0	0	0	0	0	0	0	2	2	2	2	2	0	0	0	0
4	21092745	21501951	1	2	0	2	2	0	2	0	0	0	0	1	2	0	2	2	1	2	2	0	0	0	0	2	2	0	0	0	0	2	0	0	0	0	0	0	0	0	2	2	2	2	2	0	0	0	0
4	21501952	21633690	1	0	0	2	2	0	2	0	0	0	0	1	2	0	2	2	1	2	2	0	0	0	0	2	2	0	0	0	0	2	0	0	0	0	0	0	0	0	2	2	2	2	2	0	0	0	0
4	21633691	21718885	1	0	0	2	2	0	2	0	0	0	0	1	2	0	2	2	1	2	2	2	0	0	0	2	2	0	0	0	0	2	0	0	0	0	0	0	0	0	2	2	2	2	2	0	0	0	0
4	21718886	22137161	1	0	0	2	2	0	2	0	0	0	0	1	2	0	2	2	1	2	2	2	2	0	2	2	2	0	2	0	0	2	0	0	0	0	0	0	0	0	2	2	2	2	2	0	0	0	0
4	22137162	22375965	1	0	0	2	2	0	2	0	0	0	0	1	2	0	2	2	2	2	2	2	2	0	2	2	2	0	2	0	0	2	0	0	0	0	2	0	0	0	2	2	2	2	2	0	0	0	0
4	22375966	22469493	1	0	0	2	2	0	2	0	0	0	0	1	2	0	0	0	2	2	2	2	2	0	2	2	2	0	2	0	0	2	0	0	0	0	2	0	0	0	2	2	2	2	2	0	0	0	0
4	22469494	24419114	2	0	0	2	2	0	2	0	0	0	2	1	2	0	0	0	2	2	2	2	2	0	2	2	2	0	2	0	0	2	0	0	0	0	2	0	2	0	0	2	2	2	2	0	0	0	0
4	24419115	24614701	2	0	0	2	2	0	2	0	0	0	2	1	2	0	0	0	2	2	2	2	2	0	2	0	0	0	2	0	0	2	0	0	0	0	0	0	2	0	0	2	2	2	2	0	0	0	0
4	24614702	24733257	2	0	0	2	2	0	0	0	0	0	0	1	2	0	0	0	2	2	2	2	2	0	2	0	0	0	2	0	0	2	0	0	0	0	0	0	2	0	0	2	2	2	2	0	0	0	0
4	24733258	25272508	2	0	0	2	2	0	0	0	0	0	0	1	2	0	0	0	2	2	2	2	2	0	2	0	0	0	2	0	0	2	0	0	0	0	0	0	0	0	0	2	2	2	2	0	0	0	0
4	25272509	26123540	2	0	0	2	2	2	0	0	0	0	0	2	2	0	0	0	2	2	2	2	2	0	2	0	0	0	2	0	0	2	0	0	0	0	0	0	0	0	0	2	2	2	2	0	2	0	0
4	26123541	26181326	2	0	0	2	2	2	0	0	0	0	0	2	2	0	0	0	2	2	2	2	2	0	2	0	0	0	2	0	0	2	0	0	0	0	0	0	0	0	0	2	2	2	2	0	2	0	2
4	26181327	26264923	2	0	0	2	2	2	0	0	0	0	0	2	0	0	0	0	2	2	2	2	2	0	2	0	0	0	2	0	0	2	0	0	0	0	0	0	0	0	0	2	2	2	2	0	2	0	2
4	26264924	26879419	2	0	0	2	2	2	0	0	0	0	0	2	0	0	2	2	2	2	2	2	2	0	2	0	0	0	2	0	0	2	0	0	0	0	0	0	0	0	0	2	2	2	2	0	2	0	2
4	26879420	28853967	2	0	0	2	2	2	0	0	0	0	0	2	0	0	2	2	2	2	2	2	2	0	2	0	0	0	0	0	0	2	0	0	0	0	0	0	0	0	0	2	2	2	2	0	2	0	2
4	28853968	29483653	2	0	0	2	2	2	0	0	0	0	0	2	0	0	0	2	2	2	2	2	2	0	2	0	0	0	0	0	0	2	0	0	0	0	0	0	0	0	0	2	2	2	2	0	2	0	2
4	29483654	29723915	2	0	0	2	2	2	0	0	0	0	0	2	0	0	0	2	2	2	2	2	2	0	2	0	0	0	0	0	0	2	0	0	0	0	0	0	0	0	0	2	2	2	2	0	2	0	0
4	29723916	29989511	2	0	0	2	2	2	0	0	0	0	0	2	0	0	0	2	2	2	2	2	2	0	2	0	0	0	0	0	0	2	0	0	0	0	0	0	0	2	0	2	2	2	2	0	1	0	0
4	29989512	31420331	2	0	0	2	2	2	0	0	0	0	0	2	0	0	0	2	2	2	2	2	2	0	2	0	0	0	0	0	2	2	0	0	0	0	0	0	0	2	0	2	2	2	2	0	1	0	0
4	31420332	31511493	2	0	0	2	2	2	2	0	0	0	0	2	0	0	0	0	2	0	0	2	2	2	2	0	0	0	0	0	2	2	0	2	0	0	2	0	0	2	0	2	2	2	2	0	1	2	0
4	31511494	31779527	2	0	0	2	2	2	2	0	2	0	0	2	0	0	0	0	2	0	0	2	2	2	2	0	0	0	0	0	2	2	0	2	0	0	2	0	0	2	0	2	2	2	2	2	1	2	0
4	31779528	32615506	2	0	0	2	2	2	2	0	2	0	0	2	0	0	0	0	2	0	0	2	2	2	2	0	2	0	0	0	2	2	0	2	0	0	2	0	0	2	0	2	2	2	2	2	1	2	0
4	32615507	32898656	2	0	0	2	2	2	2	0	0	0	0	2	0	0	0	0	2	0	0	2	2	2	2	0	2	0	0	0	2	2	0	2	0	0	2	0	2	2	0	2	2	2	2	0	1	2	0
4	32898657	32949859	2	0	0	2	2	2	2	0	0	0	0	2	0	0	0	0	2	0	0	2	2	2	2	0	2	0	0	0	0	0	0	2	0	0	2	0	2	2	0	2	2	2	2	0	2	2	0
4	32949860	33398234	2	0	0	2	2	2	2	0	0	0	0	2	0	0	0	0	2	0	0	2	2	2	2	0	2	0	0	2	0	0	0	2	0	0	2	0	2	2	0	2	2	2	2	0	2	2	0
4	33398235	33790623	2	0	0	0	2	2	2	0	0	0	0	2	0	0	0	0	2	0	0	2	2	2	2	0	2	0	0	2	0	0	0	2	0	0	2	0	2	2	0	2	2	2	2	0	2	2	0
4	33790624	33965282	2	0	0	0	2	2	2	0	0	0	0	2	0	0	0	0	2	0	0	2	2	2	2	0	2	0	0	2	0	0	0	2	0	0	2	0	2	2	0	2	2	0	0	2	2	0	0
4	33965283	35435056	2	0	0	0	2	2	2	0	0	0	0	2	0	0	0	0	2	0	0	2	2	2	2	0	2	2	0	2	0	0	0	2	0	0	2	2	2	2	0	2	2	0	0	2	2	0	0
5	1	1809784	0	0	0	2	2	0	2	2	2	2	0	0	0	2	2	2	0	2	2	0	0	0	0	0	2	0	0	2	0	0	2	2	0	0	0	2	0	0	0	2	2	2	2	2	0	2	0
5	1809785	2398763	0	0	0	2	2	0	2	2	2	0	0	0	0	2	0	0	0	2	2	0	0	0	0	2	2	0	0	2	0	0	2	2	0	0	0	2	0	0	0	2	2	2	2	2	0	2	0
5	2398764	2591106	0	0	0	2	2	0	2	0	2	0	0	0	0	2	0	0	0	2	2	0	0	0	0	2	2	0	0	2	0	0	2	2	0	0	0	2	0	2	0	2	2	2	2	2	0	2	0
5	2591107	3006098	0	0	0	2	2	0	2	0	2	0	0	0	0	0	0	0	0	2	2	0	0	0	0	2	2	0	0	2	0	0	2	2	0	0	0	2	2	2	0	2	2	0	2	2	0	2	0
5	3006099	3724154	0	0	0	2	2	0	2	0	2	0	0	0	0	0	0	0	0	2	2	0	0	0	0	2	2	0	0	2	0	0	2	2	0	0	0	2	2	2	0	2	2	0	2	2	2	2	0
5	3724155	3774930	0	0	0	2	2	0	2	0	2	0	0	0	0	0	0	0	0	2	2	0	0	0	0	2	2	0	0	2	0	0	2	0	0	0	0	2	2	2	0	2	2	0	2	2	2	2	0
5	3774931	4027869	0	0	0	2	2	0	2	0	2	0	0	0	2	2	0	0	0	2	2	0	0	0	0	2	2	0	0	2	0	0	2	0	0	0	0	2	2	2	0	0	2	0	2	2	2	2	0
5	4027870	4411695	2	0	0	2	0	0	2	0	2	0	0	2	2	2	0	0	2	2	2	2	0	0	0	2	2	0	0	2	0	0	2	0	0	0	2	0	2	0	0	0	2	0	2	2	2	0	0
5	4411696	4981384	2	0	0	2	0	0	2	0	2	0	0	2	2	2	0	0	2	2	2	2	0	0	0	2	2	0	0	2	0	0	2	0	0	0	2	0	2	0	0	2	2	0	2	2	2	0	0
5	4981385	5156232	2	0	0	2	0	0	2	0	2	2	0	2	2	2	0	0	2	2	2	0	0	0	0	2	2	0	0	2	0	0	2	0	0	0	2	0	2	0	0	2	2	0	2	2	2	0	0
5	5156233	5222494	0	0	0	2	0	0	2	0	2	2	0	0	2	2	0	0	0	2	2	0	0	0	0	2	2	0	0	0	0	0	2	2	0	2	2	0	2	0	2	0	2	0	2	2	2	0	0
5	5222495	5638236	0	0	0	2	0	0	2	0	2	2	0	0	2	2	0	0	0	2	2	0	0	0	0	0	2	0	0	0	0	0	2	2	0	2	2	0	2	0	2	0	2	0	2	2	2	0	0
5	5638237	5917262	2	0	0	2	0	0	2	0	2	2	2	2	2	2	0	0	2	2	2	0	0	0	0	0	2	0	0	2	0	0	2	2	0	2	2	0	2	0	2	2	2	0	2	2	2	0	0
5	5917263	6137481	0	0	0	2	0	0	2	0	2	2	2	2	2	2	0	0	2	2	2	0	0	0	0	0	2	0	0	2	0	0	2	2	0	2	2	0	2	0	2	0	2	0	2	2	2	0	0
5	6137482	6300278	0	0	0	2	2	0	2	0	2	2	2	2	2	2	0	0	2	2	2	0	0	0	0	0	2	0	0	2	0	0	2	2	0	2	2	0	2	0	2	0	2	0	2	2	2	0	0
5	6300279	6434899	0	0	0	2	2	0	2	0	2	2	2	0	2	2	0	0	0	2	2	0	0	0	0	0	2	0	0	2	0	0	2	2	0	2	2	0	2	0	2	0	2	0	2	2	2	0	0
5	6434900	6569791	0	0	0	2	2	0	2	0	2	2	0	0	2	2	0	0	0	2	2	0	0	0	0	0	2	0	0	0	0	0	2	2	0	2	2	0	2	0	2	0	2	0	2	2	2	0	0
5	6569792	6644558	0	0	0	2	2	0	2	0	2	2	0	0	2	2	0	0	0	2	2	0	0	0	0	0	2	0	0	0	0	0	2	2	0	2	2	0	2	0	2	0	2	0	0	2	2	0	0
5	6644559	6977922	2	0	0	2	2	0	2	0	2	2	0	0	2	2	0	0	0	2	2	0	0	0	0	0	0	0	0	0	0	0	2	2	0	2	2	0	2	0	2	0	2	0	0	2	2	0	0
5	6977923	7077220	2	0	0	2	2	0	2	0	2	2	0	0	2	2	0	0	0	2	2	0	2	0	0	0	0	0	0	0	0	0	2	2	0	2	2	0	2	0	2	0	2	0	0	2	2	0	0
5	7077221	7153752	2	0	0	2	2	2	2	0	2	2	2	2	2	2	0	0	2	2	2	0	2	0	0	2	0	0	0	0	0	0	2	2	0	2	2	0	2	0	0	0	0	0	0	2	2	0	0
5	7153753	10119544	2	0	0	2	2	2	2	0	2	2	2	2	2	2	0	0	2	2	2	0	2	0	0	2	0	0	0	2	0	0	2	2	0	2	2	0	2	0	0	2	0	0	0	2	2	2	0
5	10119545	10335549	2	0	0	2	2	2	2	0	2	2	2	2	2	2	0	0	2	2	2	0	2	0	0	2	0	0	0	2	0	0	2	2	2	2	2	0	2	0	0	2	0	0	0	2	2	2	0
5	10335550	11308488	2	0	0	2	2	2	2	0	2	2	2	2	2	2	0	0	2	2	2	0	2	0	0	2	0	0	0	2	0	0	2	2	2	2	2	0	2	0	0	2	0	0	0	2	2	0	0
5	11308489	11410102	2	0	0	2	2	2	2	0	2	2	2	2	2	2	2	0	2	2	2	0	2	0	0	2	0	0	0	2	0	0	2	2	2	2	2	0	2	0	0	2	0	0	0	2	2	0	0
5	11410103	12440324	2	0	0	0	2	2	2	0	2	2	2	2	2	2	2	0	2	2	2	0	2	0	0	2	0	0	0	2	0	0	2	2	2	2	2	0	2	0	0	2	0	0	0	2	2	0	0
5	12440325	12726489	2	0	0	0	2	2	2	0	2	2	2	2	2	2	2	0	2	2	2	2	2	0	0	2	0	0	0	2	0	0	2	2	2	2	2	0	2	0	0	2	0	0	0	2	2	0	0
5	12726490	14939595	2	0	0	0	2	2	2	0	2	2	2	2	2	2	2	0	2	2	2	2	2	0	0	2	2	0	0	2	0	0	2	2	2	2	2	0	2	0	0	2	0	0	0	2	2	0	0
5	14939596	15372204	2	0	0	0	2	2	2	0	2	2	2	2	2	2	2	0	2	2	2	2	2	0	0	2	2	0	0	2	0	0	2	2	2	2	2	0	0	0	0	2	0	0	0	2	2	0	0
5	15372205	16463898	2	0	0	0	2	2	2	0	2	2	2	2	2	2	2	0	2	2	2	2	2	0	0	2	2	0	0	2	0	0	2	2	2	2	0	0	0	0	0	2	0	0	0	2	2	0	0
5	16463899	17081932	2	0	0	0	2	2	2	0	2	2	2	2	2	2	2	0	2	2	2	2	2	0	0	2	2	0	0	2	0	0	2	2	2	2	0	0	0	0	0	2	0	0	0	2	2	0	2
5	17081933	17399822	2	0	0	0	2	2	2	0	2	2	2	2	2	2	0	0	2	2	2	2	2	0	0	2	2	0	0	2	0	0	2	2	2	2	0	0	0	0	0	2	0	0	0	2	2	0	2
5	17399823	17969024	2	0	0	0	2	0	2	0	2	2	2	2	2	2	0	0	2	2	2	2	2	0	0	2	2	0	0	2	0	0	2	2	2	2	0	0	0	0	0	2	0	0	0	2	2	0	2
5	17969025	19481890	2	0	0	0	2	0	2	0	2	2	0	2	2	2	0	0	2	2	2	0	2	0	0	2	2	0	0	0	0	0	2	2	2	2	0	0	0	0	0	2	0	0	2	2	2	0	2
5	19481891	19798961	2	0	2	0	2	0	2	0	0	2	0	2	0	0	2	2	2	2	2	0	2	0	2	2	2	0	0	0	0	0	2	2	0	2	2	0	2	0	0	2	0	0	2	0	2	2	2
5	19798962	19935704	2	0	2	0	2	0	2	0	0	2	0	2	0	0	2	2	2	2	2	0	0	0	2	2	2	0	0	0	0	0	2	2	0	2	2	0	2	0	0	2	0	0	2	0	2	2	2
5	19935705	20459658	2	0	2	0	2	0	2	0	0	2	0	2	0	0	2	2	2	2	2	0	0	2	2	2	2	0	0	0	0	0	2	2	0	2	2	0	2	0	2	2	0	0	2	0	2	2	2
5	20459659	22927639	2	0	2	0	2	0	2	0	0	2	0	2	2	2	2	2	2	2	2	0	0	2	2	2	2	0	0	0	0	0	2	2	0	2	2	0	2	0	2	2	0	0	2	0	2	2	2
5	22927640	23098718	2	0	2	0	2	0	2	0	0	2	0	2	2	2	2	2	2	2	2	0	0	2	2	2	2	0	2	0	0	0	2	0	0	2	2	0	2	0	2	2	0	0	2	0	2	2	2
5	23098719	23293501	2	0	2	0	2	0	2	0	0	2	0	2	2	2	2	2	2	2	2	0	0	2	2	2	2	0	2	0	0	0	2	0	0	2	0	0	2	0	0	2	0	0	2	0	2	2	2
5	23293502	23458949	2	0	2	0	2	0	0	0	0	2	0	2	2	2	2	2	2	2	2	0	0	2	2	2	2	0	2	0	0	0	2	0	0	2	0	0	2	0	0	2	0	0	2	0	2	2	2
5	23458950	23556843	2	0	2	0	2	0	0	2	2	2	0	2	2	2	2	2	2	2	2	0	0	2	2	2	2	0	2	2	0	0	2	0	0	2	0	0	2	0	0	2	0	0	2	0	2	2	2
5	23556844	23650086	2	0	2	0	2	0	0	2	2	2	0	2	2	2	0	2	2	2	2	0	0	2	2	2	2	0	2	2	0	0	2	0	0	2	0	0	2	0	0	2	0	0	2	0	2	2	2
5	23650087	23920632	2	2	2	0	2	0	0	2	2	2	0	2	2	2	0	2	2	2	2	0	0	2	2	2	2	0	2	2	0	0	2	0	0	2	0	0	2	0	0	2	0	0	2	0	2	2	2
5	23920633	24127557	2	2	2	0	2	0	0	2	2	2	0	2	0	0	0	2	2	2	2	0	0	2	2	2	2	0	2	2	0	0	2	0	0	2	0	0	2	0	0	2	0	0	2	0	2	2	2
5	24127558	24740878	1	2	2	0	2	0	0	2	2	2	0	1	0	0	0	2	1	2	2	0	0	2	2	2	1	0	2	2	0	0	2	0	0	2	0	0	2	0	0	2	0	0	2	0	2	2	2
5	24740879	25195530	1	2	2	0	2	0	0	2	2	2	2	1	0	0	0	2	1	2	2	0	0	2	2	2	1	0	2	2	0	0	2	0	0	2	0	0	2	0	0	2	0	0	2	0	2	2	2
5	25195531	25264955	1	2	2	0	2	0	0	2	2	2	2	1	0	0	0	2	1	2	2	0	0	2	2	2	1	0	2	2	0	0	2	0	0	2	0	0	0	0	0	2	0	0	2	0	2	0	2
5	25264956	25533441	1	2	2	0	2	0	0	2	2	2	2	1	0	0	0	2	1	2	2	0	0	2	0	2	1	0	2	2	0	0	2	0	0	2	0	0	0	0	0	2	0	0	2	0	2	0	2
5	25533442	25586318	1	2	2	0	2	0	0	2	2	2	2	1	0	0	0	2	1	2	2	0	0	2	0	2	1	0	2	2	0	0	2	0	0	2	0	0	0	0	0	2	0	0	2	0	2	0	0
5	25586319	26640840	1	2	2	0	2	0	0	2	2	2	2	1	0	0	0	2	1	2	2	0	0	2	0	2	1	0	0	2	0	0	2	0	0	2	0	0	0	0	0	2	0	0	2	0	2	0	0
5	26640841	26928634	1	2	2	0	2	0	0	2	2	2	2	1	0	0	0	2	1	2	2	2	0	2	0	2	1	0	0	2	0	0	2	0	0	2	0	0	0	0	0	2	0	0	2	0	2	0	0
5	26928635	26987391	1	2	2	0	2	0	0	2	2	0	2	1	0	0	0	2	1	2	2	2	0	2	0	2	1	0	0	2	0	0	2	0	0	0	0	0	0	0	0	2	0	0	2	0	2	0	0
5	26987392	27145791	2	2	2	0	0	0	0	2	2	0	2	2	0	0	0	0	2	0	0	2	0	0	0	2	1	0	0	0	0	0	2	0	0	0	0	0	0	0	0	2	2	0	2	2	2	0	0
5	27145792	27209023	2	2	2	0	0	0	0	2	2	0	2	2	0	0	0	0	2	0	0	2	0	0	0	0	1	0	0	0	0	0	2	0	0	0	0	0	0	0	0	2	2	0	2	2	2	0	0
5	27209024	27387163	2	2	2	0	0	0	0	2	2	0	2	2	0	0	0	0	2	0	0	2	0	0	0	0	2	0	0	0	0	0	2	0	0	0	0	0	0	0	0	2	2	0	2	2	2	0	0
5	27387164	27650149	2	2	2	0	2	0	0	2	2	0	0	2	0	0	0	0	2	0	0	2	2	0	0	0	2	0	0	0	0	0	2	0	0	0	0	0	0	0	0	2	2	0	2	2	2	0	0
5	27650150	28570211	2	2	2	0	2	0	0	2	2	0	0	2	0	0	2	2	2	0	0	2	2	0	0	0	2	0	0	0	0	0	2	0	0	0	0	0	0	0	0	2	2	0	2	2	2	0	0
5	28570212	29903499	2	2	2	0	2	0	0	2	2	0	0	2	0	0	2	2	2	0	0	2	2	0	0	0	2	0	0	0	0	0	2	0	0	0	0	0	0	0	0	2	2	2	2	2	2	0	0
6	1	4295628	2	2	2	0	2	0	2	2	2	0	0	2	0	0	2	2	2	0	0	2	0	2	0	2	2	0	0	2	2	2	0	0	0	2	2	2	0	0	0	2	2	2	2	2	0	2	2
6	4295629	4605040	2	2	2	0	2	0	2	2	2	0	0	2	0	0	2	2	2	0	0	2	0	2	0	2	2	0	0	2	2	2	0	0	0	2	2	2	0	0	0	2	2	2	2	2	2	2	2
6	4605041	5243608	2	2	2	0	2	0	2	2	2	0	0	2	0	0	2	2	2	0	0	2	0	2	0	2	2	0	0	2	2	2	0	0	0	0	2	2	0	0	0	2	2	2	2	2	2	2	2
6	5243609	5630537	2	2	2	0	2	0	2	2	2	0	0	2	0	0	2	2	2	0	0	2	0	0	0	2	2	0	0	2	2	2	0	0	0	0	2	2	0	0	0	2	2	2	2	2	2	2	2
6	5630538	5864439	2	2	2	0	2	0	2	2	2	0	0	2	0	0	0	0	2	0	0	2	0	0	0	2	2	0	0	2	2	2	0	0	0	0	2	2	0	0	0	2	2	2	2	2	2	2	2
6	5864440	7930737	0	2	2	0	2	0	2	2	2	0	0	2	2	2	0	0	2	0	0	2	2	2	0	2	2	0	2	2	2	2	0	0	0	0	2	2	2	0	0	2	2	2	2	2	2	2	2
6	7930738	8433069	0	2	2	0	2	0	2	2	2	0	0	0	2	2	0	0	0	0	0	0	2	2	2	2	2	0	2	2	2	2	2	2	0	0	2	0	0	0	2	0	0	2	2	2	2	2	2
6	8433070	8695733	0	2	2	0	2	0	2	2	2	0	0	0	2	2	0	0	0	0	0	0	2	2	2	2	2	0	2	2	2	2	2	2	0	0	2	0	0	0	2	2	2	2	2	2	2	2	2
6	8695734	8768922	0	2	2	0	2	0	2	2	2	0	0	0	2	2	0	0	0	0	0	0	2	2	2	2	2	2	2	2	2	2	2	2	0	0	2	0	0	0	2	2	2	2	2	2	2	2	2
6	8768923	9365737	0	2	2	0	2	2	2	2	2	0	0	0	2	2	0	0	0	0	0	0	2	2	2	2	2	2	2	2	2	2	2	0	0	0	2	0	0	0	2	2	2	2	2	2	2	2	2
6	9365738	9750430	0	2	2	0	2	2	2	2	2	0	0	0	2	2	0	0	0	0	0	0	2	2	2	2	2	2	2	2	2	2	2	2	0	0	2	0	0	0	2	2	2	2	2	2	2	2	2
6	9750431	9867218	0	2	2	0	2	2	2	2	2	0	2	0	2	2	0	0	0	0	0	0	2	2	2	2	2	2	2	2	2	2	2	2	0	0	2	0	2	0	2	2	2	2	2	2	2	2	2
6	9867219	10611692	2	2	2	0	2	2	2	2	2	0	2	2	2	2	0	0	2	0	0	2	2	2	2	2	2	2	2	2	2	2	2	2	0	0	2	0	2	0	2	2	2	2	2	2	2	2	2
6	10611693	11273401	2	2	2	0	2	2	2	2	2	0	2	2	2	2	0	0	2	0	0	2	2	2	2	2	2	0	2	2	2	2	2	2	0	0	2	0	2	0	2	2	2	2	2	2	2	2	2
6	11273402	11614959	2	2	2	0	2	2	2	2	2	0	2	2	2	2	0	0	2	0	0	2	2	2	2	2	0	0	2	2	2	2	2	2	0	0	2	0	2	0	2	2	2	2	2	2	2	2	2
6	11614960	12000187	2	2	2	0	2	2	2	2	2	0	0	2	2	2	0	0	2	0	0	2	2	2	2	2	0	0	2	0	2	2	2	2	0	0	2	0	0	0	2	2	2	2	2	2	2	2	2
6	12000188	12076142	2	2	2	0	2	2	2	2	2	0	0	2	2	2	0	0	2	0	0	2	2	2	2	2	0	0	2	0	2	2	0	2	0	0	2	0	0	0	2	2	2	2	2	2	2	2	2
6	12076143	12546134	2	2	0	0	2	2	2	2	2	0	0	2	2	2	0	0	2	0	0	2	2	2	2	2	0	0	2	0	2	2	0	2	0	0	2	0	0	0	2	2	2	2	2	2	2	2	2
6	12546135	12811352	2	2	0	0	0	2	0	2	2	0	0	2	2	2	0	0	2	0	0	2	2	2	2	2	0	0	2	0	2	2	0	0	0	0	0	0	0	0	2	2	2	2	2	2	2	0	2
6	12811353	13170604	2	2	0	0	0	0	0	2	2	0	0	2	2	2	0	0	2	0	0	2	2	2	2	2	0	0	2	0	2	2	0	0	0	0	0	0	0	0	2	2	2	2	2	2	2	0	2
6	13170605	14537609	2	2	0	0	0	0	0	2	2	0	0	2	2	2	0	0	2	0	0	2	2	2	2	2	0	0	2	0	2	2	0	0	0	0	0	0	0	0	2	2	2	2	2	2	0	0	2
6	14537610	20196067	2	2	0	2	0	0	0	2	2	0	0	2	2	2	0	0	2	0	0	2	2	2	2	2	0	0	2	0	2	2	0	0	0	0	0	0	0	0	2	2	2	2	2	2	0	0	2
6	20196068	20583755	2	2	0	2	0	0	0	2	2	2	0	2	2	2	0	0	2	0	0	2	2	2	2	2	0	0	2	0	2	2	0	0	0	0	0	0	0	0	2	2	2	2	2	2	0	0	2
6	20583756	22207884	2	2	0	2	0	0	0	2	2	2	0	0	2	2	0	0	2	0	0	0	2	2	2	2	0	0	2	0	2	2	0	0	0	0	0	0	0	0	2	2	2	2	2	2	0	0	0
6	22207885	22308876	2	2	0	2	0	0	0	2	2	2	0	0	2	2	0	0	2	0	0	0	0	0	0	0	0	0	2	0	2	2	0	0	0	0	0	0	0	0	2	2	2	2	2	0	0	0	0
6	22308877	22363435	2	2	0	2	0	0	0	2	2	2	0	0	2	2	0	0	2	0	0	0	0	0	0	0	0	0	2	0	2	2	0	0	0	0	0	0	0	0	2	2	2	2	0	0	0	0	0
6	22363436	22414998	2	2	0	2	0	0	0	2	2	2	0	0	2	2	0	0	2	0	0	0	0	0	0	0	0	0	2	0	2	2	0	0	0	0	0	0	0	2	2	2	2	2	0	0	0	0	0
6	22414999	22528978	2	2	0	2	0	0	0	2	2	0	0	0	2	2	0	0	2	0	0	0	0	0	0	0	0	0	2	0	2	2	0	0	0	0	0	0	0	2	2	2	2	2	0	0	0	0	0
6	22528979	22685913	2	2	0	2	0	0	0	2	2	0	0	2	2	2	0	0	2	0	0	2	0	0	0	0	0	0	2	2	2	2	0	0	0	0	0	0	2	2	2	2	2	2	0	0	2	0	0
6	22685914	22811124	2	2	0	2	0	0	0	2	2	0	2	2	2	2	0	0	2	0	0	2	0	0	0	0	0	0	2	2	2	2	0	0	0	0	0	0	2	2	2	2	2	2	0	0	2	0	0
6	22811125	23386049	2	2	0	2	0	0	0	2	2	0	2	2	2	2	0	0	2	0	0	2	0	0	0	0	0	0	2	2	2	2	0	0	0	0	0	0	2	2	2	2	2	2	0	0	2	2	0
6	23386050	23589856	2	2	0	2	0	0	2	2	2	0	2	2	2	2	0	0	2	0	0	2	0	0	0	0	0	0	2	2	2	2	0	0	0	0	2	0	2	2	2	2	2	2	0	0	2	2	0
6	23589857	23838867	2	2	0	2	0	0	2	2	2	0	2	2	2	2	0	0	2	0	0	2	0	0	0	0	0	0	2	2	0	2	0	0	0	2	2	0	2	2	2	2	2	2	0	0	2	2	0
6	23838868	24354876	2	2	0	2	0	0	2	2	2	0	0	2	2	2	0	0	2	0	0	2	0	0	0	0	0	0	2	2	0	2	0	0	0	2	2	0	2	2	2	2	2	2	0	0	2	2	0
6	24354877	24459270	2	0	0	2	0	0	2	2	2	0	0	2	2	2	0	0	2	0	0	2	0	0	0	0	0	0	2	2	0	2	2	0	0	2	0	0	2	2	2	2	2	2	0	0	2	2	0
6	24459271	24681503	2	0	0	2	0	0	2	2	2	0	0	2	2	2	0	0	2	0	0	2	0	0	0	0	2	0	2	2	0	2	2	0	0	2	0	0	2	2	2	2	2	2	0	0	2	2	2
6	24681504	25409335	2	0	0	2	2	0	2	2	2	0	0	2	2	2	0	0	2	0	0	2	0	0	0	0	2	0	2	2	0	2	2	0	0	2	0	0	2	2	2	2	2	2	0	0	2	2	2
6	25409336	26555936	2	0	0	2	2	0	2	2	2	0	0	2	2	2	0	0	2	0	0	2	0	0	0	0	2	0	2	2	0	0	2	0	0	2	0	0	2	2	2	2	2	2	0	0	2	2	2
6	26555937	26612873	2	0	0	2	2	0	2	2	0	0	0	2	2	2	0	0	2	0	0	2	0	0	0	0	2	0	2	2	0	0	2	0	0	2	0	0	2	2	2	2	2	2	0	0	2	2	2
6	26612874	26845384	2	0	0	2	2	0	2	2	0	0	0	2	0	2	0	0	2	0	0	2	0	0	0	0	2	0	0	2	0	0	2	0	0	2	0	0	0	2	2	2	2	2	0	0	2	2	2
6	26845385	26956748	2	0	0	2	2	2	2	2	0	0	0	2	0	2	0	0	2	2	2	2	0	0	0	0	2	0	0	2	0	0	2	0	2	0	0	0	0	2	2	2	2	2	0	0	2	2	0
6	26956749	28626615	2	0	0	2	2	2	2	2	0	0	0	2	0	0	0	0	2	2	2	2	0	0	0	0	2	0	0	2	0	0	2	0	2	0	0	0	0	2	2	2	2	2	0	0	2	2	0
6	28626616	28772382	2	2	0	2	2	2	2	2	2	0	0	2	0	0	0	0	2	2	2	2	0	0	0	0	2	0	0	2	0	0	2	0	2	0	0	0	0	2	2	2	2	2	0	2	2	2	0
6	28772383	29705372	2	2	0	2	2	2	2	2	2	0	0	2	0	0	0	0	2	2	2	2	0	0	0	0	2	0	0	2	0	0	2	0	2	0	0	0	0	2	2	2	2	0	0	2	2	2	0
6	29705373	30230002	2	2	0	2	2	2	2	2	2	0	0	2	0	0	0	0	2	2	2	2	2	0	0	0	0	0	2	0	0	0	2	2	2	0	2	0	0	2	2	2	2	0	2	2	2	2	0
6	30230003	30922572	2	2	0	2	2	2	2	2	2	0	0	2	0	0	0	0	2	2	2	2	2	0	0	0	0	0	2	0	2	2	2	2	2	0	2	0	0	2	2	2	2	0	2	2	2	2	0
7	1	1699608	2	2	0	2	2	0	0	0	0	0	2	2	2	2	0	0	2	0	0	2	2	0	2	0	0	0	2	0	0	0	0	0	0	0	2	2	2	2	0	2	2	2	0	0	2	0	2
7	1699609	2573811	2	2	0	2	2	0	0	0	0	0	2	2	2	2	0	0	2	0	0	2	2	0	2	0	0	0	2	2	0	0	0	0	0	0	2	2	2	2	0	2	2	2	0	0	2	0	2
7	2573812	3154530	2	2	0	2	2	0	0	0	0	0	0	2	2	2	0	0	2	0	0	2	2	0	2	0	0	0	2	2	0	0	0	0	0	0	2	2	0	2	0	2	2	2	0	0	2	0	2
7	3154531	9507966	2	2	2	2	2	0	0	0	0	0	0	2	2	2	0	0	2	0	0	2	2	0	2	0	0	0	2	2	0	0	0	0	0	0	2	2	0	2	0	2	2	2	0	0	2	0	2
7	9507967	9722006	2	2	2	2	2	0	0	0	0	0	0	2	2	2	0	0	2	0	0	2	2	0	2	0	0	0	2	2	0	0	0	0	0	0	2	2	0	2	0	2	2	0	0	0	2	0	2
7	9722007	9780547	2	2	2	2	2	0	0	0	0	0	0	2	2	2	0	0	2	0	0	2	2	0	2	0	0	0	2	0	0	0	0	0	0	0	2	2	0	2	0	2	2	0	0	0	2	0	2
7	9780548	13682035	2	0	2	2	2	0	0	0	0	0	0	2	2	2	0	0	2	0	0	2	2	0	2	0	0	0	0	0	0	0	0	0	0	0	2	2	0	2	0	2	2	0	0	0	2	0	2
7	13682036	15423687	2	0	2	2	2	0	0	0	0	0	0	2	2	2	0	0	2	0	0	0	2	0	2	0	0	0	0	0	0	0	0	0	0	0	2	2	0	2	0	2	2	0	0	0	2	0	2
7	15423688	15691865	2	0	2	2	2	0	0	0	2	0	0	2	2	2	0	0	2	2	2	0	2	2	2	0	0	0	0	0	2	2	0	0	2	0	2	2	2	2	0	2	2	0	2	2	2	0	0
7	15691866	17470793	2	0	2	2	2	0	0	0	2	0	0	2	2	2	0	0	2	2	2	0	2	2	2	0	0	0	0	0	2	2	0	0	2	0	2	2	2	2	0	2	2	0	2	2	0	0	0
7	17470794	17783490	2	2	2	2	2	0	0	0	2	0	0	2	2	2	0	0	2	2	2	0	2	2	2	0	0	0	0	0	2	2	0	0	2	0	2	2	2	2	0	2	2	2	2	2	0	0	0
7	17783491	18005084	2	2	2	2	2	0	0	0	2	0	0	2	2	2	0	0	2	2	2	0	2	2	2	0	0	0	0	0	2	2	0	0	2	0	2	2	2	2	2	2	2	2	2	2	0	0	0
7	18005085	18232183	2	2	2	2	2	0	0	0	2	0	0	2	2	2	0	0	2	2	2	0	2	2	2	0	2	0	0	0	2	2	0	0	2	0	2	2	2	2	2	2	2	2	2	2	0	2	0
7	18232184	18312455	2	2	2	2	0	0	0	0	2	0	0	2	2	2	0	0	2	2	2	2	2	2	2	0	2	0	0	0	2	2	0	0	2	0	2	2	2	2	2	2	2	2	2	2	0	2	0
7	18312456	18578325	2	2	2	2	0	0	0	0	2	0	0	2	2	2	0	0	2	2	2	2	2	2	2	0	2	0	0	0	2	2	0	0	2	0	2	2	2	2	2	2	2	2	2	2	2	2	0
7	18578326	18893378	2	2	2	2	0	0	0	0	2	0	0	2	2	2	0	0	2	2	2	2	2	2	2	0	2	0	0	2	2	2	0	0	2	0	2	2	2	2	2	2	2	2	2	2	2	2	0
7	18893379	19120990	2	2	2	2	0	0	0	0	2	0	0	2	2	2	0	0	2	0	0	2	2	2	2	0	2	0	0	2	2	2	0	0	2	0	2	2	2	2	2	2	2	2	2	2	2	2	0
7	19120991	20839010	2	2	2	2	0	0	0	0	2	0	0	2	2	2	0	0	2	0	0	2	2	2	2	0	2	0	0	2	2	2	0	0	2	0	2	2	2	2	2	2	2	2	2	2	0	2	0
7	20839011	21030878	2	0	0	0	0	0	0	0	0	0	0	2	0	0	0	0	2	0	0	2	0	0	0	0	0	0	0	2	0	0	0	0	0	0	0	0	0	2	0	2	2	0	0	0	0	0	0
7	21030879	22092905	2	0	0	0	0	0	0	0	0	2	2	2	0	0	0	0	2	0	0	2	0	0	0	0	0	0	0	2	0	0	0	0	0	0	0	0	0	2	0	2	2	0	0	0	0	0	0
7	22092906	22697089	2	0	0	0	0	0	0	0	0	2	0	2	0	0	0	0	2	0	0	0	0	0	0	0	0	0	0	2	0	0	0	0	0	0	0	0	0	2	0	2	2	0	0	0	0	0	0
7	22697090	22996263	0	0	0	0	0	0	0	0	0	2	0	0	0	0	0	0	0	0	0	0	0	0	0	0	0	0	0	0	0	0	0	0	0	0	0	0	0	0	0	0	0	0	0	0	0	0	0
7	22996264	24102659	2	0	0	0	0	0	0	0	0	2	0	2	0	0	0	0	2	0	0	0	0	0	0	0	0	0	0	2	0	0	0	0	0	0	0	0	0	0	0	2	2	0	0	0	2	0	0
7	24102660	24434771	2	2	0	2	2	0	2	2	0	2	0	2	0	0	0	0	2	0	0	0	0	2	0	0	2	0	0	2	2	2	0	0	0	0	2	2	2	2	0	2	2	2	2	0	2	0	0
7	24434772	25412978	2	2	0	2	2	0	2	2	0	2	0	0	0	0	0	0	2	0	0	0	0	2	0	0	2	0	0	2	2	2	0	0	0	0	2	2	2	2	0	2	2	2	2	0	2	0	0
7	25412979	25894048	2	2	0	0	2	0	2	2	0	2	0	0	0	0	0	0	2	0	0	0	0	2	0	0	2	0	0	2	2	2	0	0	0	0	2	2	2	2	0	2	2	2	2	0	2	0	0
7	25894049	26099337	2	2	0	0	2	0	2	2	0	0	0	0	0	0	0	0	2	0	0	0	0	2	0	0	2	0	0	2	2	2	0	0	0	0	2	2	2	2	0	2	2	2	2	0	2	0	0
7	26099338	26447274	2	2	0	0	2	0	2	2	0	0	0	0	0	0	0	0	2	0	0	0	2	2	2	0	2	0	0	2	2	2	0	0	0	0	2	2	2	2	0	2	2	2	2	0	2	0	0
7	26447275	26499758	2	2	0	0	2	0	2	2	0	0	0	0	0	0	0	0	2	0	0	0	2	2	2	0	2	0	2	2	2	2	0	0	0	0	2	2	2	2	0	2	2	2	2	0	2	0	0
7	26499759	26555858	2	2	0	0	2	2	2	2	0	0	0	2	0	0	0	0	2	0	0	0	2	2	2	0	2	0	2	2	2	2	0	0	0	0	2	2	2	2	0	2	2	2	2	0	2	0	0
7	26555859	26943581	2	0	0	0	2	2	2	2	0	0	0	2	0	0	0	0	2	0	0	0	2	2	2	0	2	0	2	2	2	2	0	0	0	0	2	2	2	2	0	2	2	2	2	0	2	0	0
7	26943582	27013540	2	0	0	0	2	2	2	2	0	0	0	2	0	0	0	0	2	0	2	0	2	2	2	0	2	0	2	2	2	2	0	0	0	0	2	2	2	2	0	2	2	2	2	0	2	0	0
7	27013541	27550842	2	0	0	0	2	2	2	2	0	0	0	2	0	0	0	0	2	0	2	0	2	2	2	0	2	0	2	2	2	2	0	0	0	0	2	2	2	2	0	2	2	2	2	0	2	2	0
7	27550843	27800158	2	0	0	0	2	2	2	2	0	0	0	2	0	0	0	0	2	0	2	0	2	2	2	0	2	0	2	2	2	2	0	0	0	0	2	2	2	2	0	2	2	2	2	0	2	2	2
7	27800159	28247367	0	0	0	0	2	2	2	2	0	0	0	2	0	0	0	0	0	0	0	0	2	2	2	0	2	0	2	2	2	2	0	0	0	0	2	2	2	2	0	1	2	2	2	0	0	2	2
7	28247368	29000505	0	0	0	0	2	2	2	2	0	0	0	2	0	0	0	0	0	0	0	0	2	2	2	0	2	0	2	2	2	2	0	0	0	0	0	2	2	2	0	1	2	2	0	0	0	2	2
7	29000506	29434212	0	0	0	0	2	0	2	2	0	0	0	0	0	0	0	0	0	0	0	0	2	2	2	0	2	0	2	2	2	2	0	0	0	0	0	2	2	2	0	0	0	2	0	0	0	2	2
7	29434213	29691564	2	0	0	0	2	0	2	2	0	0	0	2	0	0	0	0	2	0	0	2	0	2	0	0	2	0	2	2	2	2	0	0	0	0	0	2	2	2	0	2	2	2	0	0	2	2	2
8	1	2089788	2	2	2	2	2	0	2	0	0	0	2	2	0	2	0	0	2	0	0	2	0	0	0	0	0	0	0	0	2	2	2	0	2	0	2	0	2	2	2	0	0	0	2	0	2	2	2
8	2089789	2797175	2	2	2	2	2	0	2	0	0	0	2	2	0	2	0	0	2	0	0	2	0	0	0	0	0	0	0	0	2	2	0	0	0	0	2	0	2	2	2	0	0	0	2	0	2	2	2
8	2797176	2991809	2	2	2	2	2	0	2	0	0	0	2	2	0	2	0	0	2	0	0	2	0	0	0	0	0	0	0	0	2	2	0	2	0	2	2	0	2	2	2	2	2	0	2	0	2	2	2
8	2991810	3731946	2	2	2	2	2	0	2	0	0	0	2	2	0	2	2	2	2	0	0	2	0	0	0	0	0	0	0	0	2	2	0	2	0	2	2	0	2	2	2	2	2	0	2	0	2	2	2
8	3731947	3986581	2	2	2	2	2	0	2	0	0	0	2	2	0	0	2	2	2	0	0	2	0	0	0	0	2	0	0	0	2	2	0	2	0	2	2	0	2	2	2	2	2	0	2	0	2	2	2
8	3986582	5490736	2	2	2	2	2	0	2	0	0	0	2	2	0	0	2	2	2	0	0	2	0	0	0	0	2	0	0	0	2	2	0	2	0	2	2	0	0	2	2	2	2	0	2	0	2	2	2
8	5490737	6057127	2	2	0	2	2	0	2	0	0	0	2	2	0	0	0	0	2	0	0	2	0	0	0	0	2	0	0	0	0	0	0	2	0	2	2	0	0	0	0	2	0	0	2	0	2	0	0
8	6057128	6431401	2	2	0	2	2	0	2	0	0	0	2	2	2	0	0	0	2	0	0	2	0	0	0	0	2	0	0	0	0	0	0	2	0	2	2	0	0	0	0	2	0	0	2	0	2	0	0
8	6431402	6833827	2	2	0	2	2	2	2	0	0	2	2	2	2	2	0	0	2	0	0	2	0	0	0	0	2	0	0	0	0	0	0	2	2	2	2	0	0	0	0	2	0	2	2	0	2	0	0
8	6833828	7436287	2	2	0	2	2	2	2	0	0	2	2	2	2	2	0	0	2	0	0	2	0	0	0	0	2	0	0	0	0	0	0	2	2	2	2	0	0	0	0	2	2	2	2	0	2	0	0
8	7436288	7893783	2	2	0	2	2	2	2	0	0	2	2	2	2	2	0	0	2	0	0	2	0	0	0	0	2	0	0	0	0	0	0	2	2	2	2	0	0	0	0	2	2	2	2	0	2	2	0
8	7893784	8011752	2	2	0	2	2	2	2	0	0	2	2	2	2	2	0	0	2	0	0	2	2	0	2	0	2	0	0	0	0	0	0	2	2	2	2	0	2	0	0	2	2	2	2	0	2	2	0
8	8011753	8354585	2	2	0	2	2	2	2	0	0	2	2	2	2	2	0	0	2	0	0	2	2	0	2	0	0	0	0	0	0	0	0	2	2	2	2	0	2	0	0	2	2	2	2	0	2	2	0
8	8354586	9182018	2	2	0	2	2	2	2	0	0	2	2	2	2	2	0	0	2	0	0	2	2	0	2	0	0	0	0	0	0	0	0	2	2	2	2	0	2	0	2	2	2	2	2	0	2	2	0
8	9182019	9761631	2	2	0	2	2	2	2	0	0	2	2	2	2	2	0	0	2	0	0	2	2	0	2	0	0	0	0	0	0	0	2	2	2	2	2	0	2	0	2	2	2	2	2	0	2	2	0
8	9761632	10292107	2	2	0	2	2	2	2	0	0	2	2	2	2	2	0	0	2	0	0	2	2	0	2	0	0	0	0	0	0	0	2	0	2	2	2	0	2	0	2	2	2	2	2	0	2	2	0
8	10292108	11062308	2	2	0	2	2	2	2	0	0	2	0	2	2	2	0	0	2	0	0	2	2	0	2	2	0	0	0	0	0	0	2	0	2	2	2	0	2	0	2	2	2	2	2	0	2	2	0
8	11062309	14517196	2	2	0	2	2	2	2	0	0	2	0	2	2	2	0	0	2	0	0	2	2	0	2	2	0	0	0	0	0	0	2	0	2	2	2	0	2	0	2	0	0	2	2	0	2	2	0
8	14517197	14572114	0	0	0	0	2	0	0	0	0	0	0	0	0	0	0	0	0	0	0	0	0	0	0	0	0	0	0	0	0	0	0	0	0	0	2	0	0	0	0	0	0	0	0	0	0	0	0
8	14572115	15040588	0	0	0	0	0	0	0	0	0	0	2	0	0	0	0	0	0	0	0	0	0	0	0	0	0	0	0	0	0	0	0	0	0	0	0	0	0	0	0	0	0	0	0	0	0	0	0
8	15040589	15820803	2	0	0	0	0	0	0	0	0	0	2	2	0	0	0	0	2	0	0	2	0	0	0	0	0	0	0	0	0	0	0	0	0	0	0	0	0	0	0	0	0	0	0	0	2	0	0
8	15820804	15936961	2	0	0	0	2	0	0	0	0	0	2	2	0	0	0	0	2	0	0	2	0	0	0	0	0	0	0	0	0	0	0	0	0	0	0	0	0	0	0	0	0	0	0	0	2	0	0
8	15936962	16670418	2	2	0	2	2	2	2	0	0	2	0	2	2	2	0	0	2	0	0	2	2	0	2	2	0	0	0	0	0	0	2	0	2	2	2	0	2	0	2	0	0	2	2	0	2	2	0
8	16670419	16919169	2	2	0	2	2	2	2	0	0	2	0	2	2	2	0	0	2	0	0	2	2	0	2	0	0	0	0	0	0	0	2	0	2	2	2	0	2	0	2	0	0	2	2	0	2	2	0
8	16919170	17049766	0	2	0	2	2	2	2	0	0	2	0	0	2	2	0	0	0	0	0	0	2	0	2	0	0	0	0	0	0	0	2	0	2	2	2	0	2	0	2	0	0	2	2	0	2	2	0
8	17049767	17578088	0	2	0	2	2	2	2	0	0	2	0	0	2	2	0	0	0	0	0	0	2	0	2	0	0	0	0	0	0	0	2	0	2	2	2	0	2	0	2	0	0	2	2	0	0	2	0
8	17578089	18269249	0	2	0	2	2	2	2	0	0	2	0	0	2	2	0	0	0	0	0	0	2	0	2	0	0	0	0	0	0	0	2	0	0	2	2	0	2	0	2	0	0	2	2	0	0	2	0
8	18269250	18610608	0	2	0	2	2	2	2	0	0	2	0	0	2	2	0	0	0	2	2	0	2	0	2	0	0	0	0	0	0	0	2	0	0	2	2	0	2	0	2	0	0	2	2	0	0	2	0
8	18610609	19386152	0	2	0	2	2	2	2	0	0	2	0	0	2	2	0	0	0	2	2	0	2	0	2	0	0	0	0	0	0	0	2	0	0	2	2	0	2	0	2	0	2	2	2	0	0	2	0
8	19386153	19454050	0	2	0	2	2	2	0	0	0	2	0	0	2	2	0	0	0	2	2	0	2	0	2	0	0	0	0	0	0	0	2	0	0	2	2	0	2	0	2	0	2	2	2	0	0	2	0
8	19454051	19546076	0	2	0	2	2	2	0	0	0	2	0	0	2	2	0	0	0	2	2	0	2	0	2	0	0	0	0	0	0	0	2	0	0	2	2	0	2	0	2	0	2	2	2	0	2	2	0
8	19546077	20218870	2	2	0	2	2	2	0	0	0	2	2	2	2	2	0	0	2	2	2	2	2	0	2	0	0	0	0	0	0	0	2	0	0	2	2	0	2	0	2	0	2	2	2	0	2	2	0
8	20218871	20830341	2	2	0	0	2	2	0	0	0	2	2	2	0	0	0	0	2	2	2	2	2	0	2	0	0	0	0	0	0	0	2	0	0	2	2	0	2	0	0	0	2	2	2	0	2	0	0
8	20830342	20884442	2	2	0	0	2	2	2	0	0	2	2	2	0	0	0	0	2	2	2	2	2	0	2	0	0	0	0	0	0	0	2	0	0	2	2	0	2	0	0	0	2	2	2	0	2	0	0
8	20884443	21082434	2	2	0	0	2	2	2	0	0	2	2	2	0	0	0	0	2	2	2	2	2	0	2	2	0	0	0	0	0	0	2	0	0	2	2	0	2	0	0	0	2	2	2	0	2	0	0
8	21082435	21759146	2	2	0	0	2	2	2	0	0	2	2	2	0	2	0	0	2	2	2	2	2	0	2	2	0	0	0	0	0	0	2	0	0	2	2	0	2	0	0	0	2	2	2	0	2	0	0
8	21759147	23871834	2	2	0	0	2	2	2	0	0	2	2	2	0	2	0	0	2	2	2	2	2	0	2	2	0	0	0	0	0	0	2	0	0	2	2	0	2	0	0	0	2	2	2	0	2	2	0
8	23871835	23969068	2	2	0	0	2	2	2	0	0	2	2	2	0	0	0	0	2	2	2	2	2	0	2	2	0	0	0	0	0	0	2	0	0	2	2	0	2	0	0	0	2	2	2	0	2	0	0
8	23969069	24128013	2	2	0	0	2	2	2	0	0	0	2	2	0	0	0	0	2	2	2	2	2	0	2	2	0	0	0	0	0	0	2	0	0	2	2	0	2	0	0	0	2	2	2	0	2	0	0
8	24128014	24487510	0	2	0	0	0	2	2	0	0	0	0	2	0	0	0	0	2	2	2	0	2	0	2	2	0	2	0	0	0	0	2	0	0	0	2	0	0	0	0	0	0	2	2	0	2	0	0
8	24487511	24885957	0	2	0	0	0	2	2	2	0	0	0	2	0	0	0	0	2	2	2	0	2	0	2	2	2	2	0	2	0	0	2	0	0	0	2	0	0	0	0	0	0	2	2	0	2	0	0
8	24885958	25442751	0	2	0	0	0	2	2	2	0	0	0	2	0	0	2	2	2	2	2	0	2	0	2	2	2	2	0	2	0	0	2	0	0	0	2	0	0	0	0	0	0	2	2	0	2	0	0
8	25442752	25722453	2	2	0	0	0	2	2	2	0	0	0	2	0	0	2	2	2	2	2	0	2	2	2	2	2	2	0	2	0	0	2	0	2	0	2	0	0	0	0	0	2	2	2	0	2	2	0
8	25722454	26185122	2	2	0	0	0	2	2	2	0	0	0	2	0	0	2	2	2	2	2	0	2	2	2	2	2	2	0	2	0	0	2	0	2	0	2	0	0	0	0	0	2	0	2	0	2	2	0
8	26185123	26408218	2	2	0	0	0	2	2	2	0	0	0	2	0	0	2	2	2	2	2	0	2	2	2	2	2	0	0	2	0	2	0	0	2	0	0	0	0	0	2	0	2	0	2	0	2	2	0
8	26408219	28414845	2	2	0	0	0	0	2	2	0	0	0	2	0	0	2	2	2	2	2	0	2	2	2	2	2	0	0	2	0	2	0	0	2	0	0	0	0	0	2	0	2	0	2	0	2	2	0
9	1	5084988	2	0	0	0	0	2	0	0	0	0	0	2	0	0	0	0	2	0	0	2	0	0	0	0	2	0	0	2	0	0	0	0	0	0	0	2	0	2	0	2	0	0	0	0	2	0	0
9	5084989	6549117	2	0	0	0	0	0	0	0	0	0	0	2	0	0	0	0	2	0	0	2	0	0	0	0	0	0	0	2	0	0	0	0	0	0	0	2	0	2	0	2	0	0	0	0	0	0	0
9	6549118	7486159	2	2	0	0	0	0	0	0	0	0	0	2	0	0	0	0	2	0	0	2	0	0	0	0	0	0	0	1	0	0	0	0	2	0	0	2	0	2	0	2	0	0	0	0	0	0	0
9	7486160	8117134	2	2	0	0	0	0	0	0	0	0	0	2	0	0	0	0	2	0	0	0	0	0	0	0	0	0	0	1	0	0	0	0	2	0	0	2	0	2	0	2	0	0	0	0	0	0	0
9	8117135	8177901	0	2	0	0	0	0	0	0	0	0	0	0	0	0	0	0	2	0	0	0	0	0	0	0	0	0	0	2	0	0	0	0	2	0	0	2	0	2	0	2	0	0	0	0	0	0	0
9	8177902	8259559	0	0	0	0	0	0	0	0	0	0	0	0	0	0	0	0	2	0	0	0	0	0	0	0	0	0	0	2	0	0	0	0	0	0	0	2	0	2	0	2	0	0	0	0	0	0	0
9	8259560	8782645	0	0	0	0	2	0	0	0	0	0	0	0	0	0	0	0	2	0	0	0	0	0	0	0	0	0	0	2	0	0	0	0	0	0	0	2	0	2	0	2	0	0	0	0	0	0	0
9	8782646	8886542	0	0	0	0	2	0	0	0	0	0	0	0	0	0	0	0	2	0	0	0	0	0	0	0	0	0	0	2	0	0	0	0	0	0	0	2	0	2	0	0	0	0	0	0	0	0	0
9	8886543	9669938	0	0	0	0	2	0	0	0	0	0	0	0	0	0	0	0	0	0	0	0	0	0	0	0	0	0	0	2	0	0	0	0	0	0	0	2	0	2	0	0	0	0	0	0	0	0	0
9	9669939	10334265	0	0	0	0	0	0	0	0	0	0	0	0	0	0	0	0	0	0	0	0	0	0	0	0	0	0	0	2	0	0	0	0	0	0	0	2	0	2	0	0	0	0	0	0	0	0	0
9	10334266	10618571	0	0	0	0	0	0	0	0	0	0	0	0	0	0	0	0	0	0	0	0	2	0	0	0	0	0	0	0	0	0	2	0	0	0	0	2	0	0	0	0	0	0	0	0	0	0	0
9	10618572	10720637	0	0	0	0	2	0	0	0	0	0	0	2	0	0	0	0	2	0	0	0	2	0	0	0	0	0	0	0	0	0	2	0	0	0	0	2	0	0	0	0	0	0	0	0	0	0	0
9	10720638	14335834	2	0	0	0	2	0	0	0	0	0	0	2	0	0	0	0	2	0	0	0	2	0	0	0	0	0	0	0	0	0	2	0	0	0	0	2	0	0	0	0	0	0	0	0	0	0	0
9	14335835	14882208	2	0	0	0	2	0	0	0	0	0	0	2	0	0	0	0	2	0	0	0	2	0	0	0	0	0	0	0	0	0	2	0	0	0	0	0	0	0	0	0	0	0	0	0	0	0	0
9	14882209	20680398	2	0	0	0	1	0	0	0	0	0	0	2	0	0	0	0	2	0	0	0	2	0	0	0	0	0	0	0	0	0	2	0	0	0	0	0	0	0	0	0	0	0	0	0	0	0	0
9	20680399	22974328	2	0	0	0	2	0	0	0	0	0	0	2	0	0	0	0	2	0	0	0	2	0	0	0	0	0	0	0	0	0	2	0	0	0	0	0	0	0	0	0	0	0	0	0	0	0	0
10	1	732178	2	2	2	0	2	2	0	0	2	0	0	2	2	2	2	2	2	2	2	2	2	0	2	2	0	0	0	0	2	2	2	0	0	0	0	2	0	2	0	2	0	0	2	2	2	0	2
10	732179	1118493	2	2	2	0	2	2	0	0	2	0	0	2	2	2	0	0	2	2	2	2	2	0	2	2	0	0	0	0	2	2	2	0	0	0	0	2	0	2	0	2	0	0	2	2	2	0	2
10	1118494	1359309	2	2	2	0	2	2	0	0	2	0	0	2	2	2	0	0	2	2	2	2	2	0	2	2	0	0	0	0	2	2	2	0	0	0	0	2	0	2	0	2	0	0	2	2	0	0	2
10	1359310	2395928	2	2	2	0	2	2	0	0	2	0	2	2	2	2	0	0	2	2	2	2	2	0	2	2	0	0	0	0	2	2	2	0	0	2	0	2	2	2	0	2	0	0	2	2	0	0	2
10	2395929	2794118	2	2	2	0	2	2	0	0	2	2	2	2	2	2	0	0	2	2	2	2	2	0	2	2	0	0	0	0	2	2	2	0	0	2	0	2	2	2	0	2	0	0	2	2	2	0	2
10	2794119	3754573	2	2	2	0	2	2	0	0	2	2	2	2	2	2	0	0	2	2	2	2	2	0	2	2	0	0	0	0	2	2	2	0	0	0	0	2	2	2	0	2	0	0	2	2	2	0	2
10	3754574	4186858	2	2	2	0	2	2	0	0	2	2	2	2	2	2	0	0	2	2	2	2	2	0	2	2	0	0	0	0	2	2	2	0	0	0	0	2	2	2	0	2	0	2	2	2	2	0	2
10	4186859	4455816	2	2	2	0	2	2	0	0	2	2	2	2	2	2	0	0	2	2	2	2	2	0	2	2	0	0	0	0	2	2	2	0	0	0	0	2	2	2	0	2	0	2	2	2	2	0	0
10	4455817	4595225	2	2	2	0	2	2	0	0	2	2	0	2	2	2	0	0	2	2	2	2	2	0	2	2	0	0	0	0	2	2	2	0	0	0	0	2	0	2	0	2	0	2	2	2	2	0	0
10	4595226	5906727	2	2	2	0	2	2	0	0	2	2	0	2	2	2	0	0	1	2	2	2	2	0	2	2	0	0	0	0	2	2	2	0	0	0	0	2	0	2	0	2	0	2	2	2	2	0	0
10	5906728	6064443	2	2	2	0	2	2	0	0	2	2	2	2	2	2	0	0	1	2	2	2	2	0	2	2	0	0	0	0	2	2	2	0	0	0	0	2	0	2	0	2	0	2	2	2	2	0	0
10	6064444	6303812	2	2	2	0	2	0	0	0	2	2	2	2	2	2	0	0	1	2	2	2	2	0	2	2	0	0	0	0	2	2	2	0	0	0	0	2	0	2	0	2	0	2	2	2	2	0	0
10	6303813	7122438	2	2	2	0	2	0	0	0	2	2	2	2	2	2	2	2	2	2	2	2	2	0	2	2	0	0	0	0	2	2	2	0	0	0	0	2	0	2	0	2	0	2	2	2	2	0	0
10	7122439	7814369	2	0	0	0	2	0	0	0	0	2	2	2	0	0	2	2	2	0	0	2	0	0	0	0	0	0	0	0	0	0	0	0	0	0	0	0	0	2	0	2	0	0	0	0	2	0	0
10	7814370	8714018	2	2	0	0	2	0	0	0	0	2	2	2	0	0	2	2	2	0	0	2	0	0	0	2	0	0	0	0	0	0	2	0	0	0	0	0	0	2	0	2	0	2	0	0	2	0	0
10	8714019	9490243	2	0	0	0	2	0	0	0	0	2	2	2	0	0	2	2	2	0	0	2	0	0	0	0	0	0	0	0	0	0	0	0	0	0	0	0	0	2	0	2	0	0	0	0	2	0	0
10	9490244	9580955	2	0	0	0	0	0	0	0	0	2	2	2	0	0	2	2	2	0	0	2	0	0	0	0	0	0	0	0	0	0	0	0	0	0	0	0	0	0	0	2	0	0	0	0	2	0	0
10	9580956	9679736	2	0	0	0	0	0	0	0	0	2	0	2	0	0	2	2	0	0	0	0	0	0	0	0	0	0	0	0	0	0	0	0	0	0	0	0	0	0	0	0	0	0	0	0	2	0	0
10	9679737	10178472	2	0	0	0	0	0	0	0	0	2	0	2	0	0	2	2	0	0	0	0	0	0	0	0	0	0	0	0	0	0	0	0	0	0	0	0	0	0	0	0	0	0	0	0	0	0	0
10	10178473	10888120	2	0	0	0	2	0	0	0	0	2	2	2	0	0	2	2	2	0	0	2	0	0	0	0	0	0	0	0	0	0	0	0	0	0	0	0	0	0	0	2	0	0	0	0	2	0	0
10	10888121	10967691	2	2	2	2	2	0	0	2	2	2	2	2	2	2	2	2	2	2	2	2	2	0	2	2	0	0	0	0	2	2	2	0	0	0	0	2	0	0	0	2	0	2	2	2	2	0	0
10	10967692	11418240	2	2	2	2	2	0	0	2	2	2	2	2	2	2	2	2	2	2	2	2	2	0	2	2	0	0	0	0	2	2	2	0	0	0	0	2	0	2	0	2	0	2	2	2	2	0	0
10	11418241	11701860	2	2	2	2	2	0	0	2	2	2	2	2	2	2	2	2	2	2	2	2	2	0	2	2	0	0	2	0	2	2	2	0	0	0	0	2	0	2	0	2	0	2	2	2	2	0	0
10	11701861	11781333	2	2	2	2	2	0	0	2	2	2	2	2	2	2	2	2	0	2	2	2	2	0	2	2	0	0	2	0	2	2	0	0	0	0	0	2	0	2	0	2	0	2	2	2	2	0	0
10	11781334	13220054	2	0	0	0	0	0	0	0	0	2	2	2	0	0	2	2	0	0	0	2	2	0	0	0	0	0	0	0	0	0	0	0	0	0	0	0	0	0	0	2	0	0	0	0	0	0	0
10	13220055	14473400	2	2	2	2	2	0	0	2	2	2	2	2	2	2	2	2	2	2	2	2	2	2	2	2	0	0	2	0	2	2	2	2	0	0	0	2	0	2	0	2	2	2	2	2	0	0	0
10	14473401	14980473	2	2	2	2	2	0	0	2	2	2	2	2	2	2	2	2	2	2	2	2	2	2	2	2	0	0	2	0	2	2	2	2	0	0	0	2	0	2	0	2	2	0	2	2	0	0	0
10	14980474	15131395	0	2	2	2	2	0	0	2	2	2	0	0	2	2	2	2	0	2	2	0	2	2	2	2	0	0	2	0	2	2	2	2	0	0	0	2	0	0	0	0	2	0	2	2	0	0	0
10	15131396	15209580	0	0	2	2	2	0	0	2	2	2	0	0	2	2	2	2	0	2	2	0	2	2	0	2	0	0	2	0	2	2	2	2	0	0	0	2	0	0	0	0	2	0	2	2	0	0	0
10	15209581	15352914	0	0	2	2	2	0	0	2	2	2	0	0	2	2	2	2	0	2	2	0	2	2	0	2	0	0	2	0	2	2	0	2	0	0	0	2	0	0	0	0	2	0	2	2	0	0	0
10	15352915	15647732	0	0	2	2	2	0	0	2	2	2	0	0	2	2	2	2	0	2	2	0	0	2	0	2	0	0	2	0	2	2	0	2	0	0	0	2	0	0	0	0	2	0	2	2	0	0	0
10	15647733	15769173	0	0	2	2	2	0	0	2	2	2	0	0	2	2	2	2	0	2	2	0	0	2	0	2	0	0	2	0	2	2	0	2	0	0	0	2	0	0	0	0	0	0	2	2	0	0	0
10	15769174	16078720	0	0	2	2	0	0	0	2	2	2	0	0	2	2	2	2	0	2	2	0	0	2	0	2	0	0	2	0	2	2	0	2	2	0	0	2	0	0	0	0	0	0	2	2	0	0	0
10	16078721	16281926	0	0	2	2	0	0	0	2	2	0	0	0	2	2	2	2	0	2	2	0	0	2	0	2	0	0	2	0	2	2	0	2	2	0	0	2	0	0	0	0	0	0	2	2	0	0	0
10	16281927	16973565	0	0	2	2	0	0	0	2	2	0	0	0	0	0	2	2	0	2	2	0	0	2	0	2	0	0	2	0	2	2	0	2	2	0	0	2	0	0	0	0	0	0	2	2	0	0	0
10	16973566	17715422	0	0	2	2	0	0	0	2	2	0	0	0	0	0	2	2	0	2	2	0	0	2	0	2	0	0	0	0	2	2	0	2	2	0	0	2	0	0	0	0	0	0	2	2	0	0	0
10	17715423	17782820	0	0	2	2	0	0	0	0	2	0	0	0	0	0	2	2	0	2	2	0	0	2	0	2	0	0	0	0	2	2	0	2	2	0	0	2	0	0	0	0	0	0	2	2	0	0	0
10	17782821	17842370	0	0	2	2	0	0	0	0	2	0	0	0	0	0	0	0	0	2	2	0	0	2	0	2	0	0	0	0	2	2	0	2	2	0	0	2	0	0	0	0	0	0	2	2	0	0	0
10	17842371	17930367	0	0	2	2	0	0	0	0	0	0	0	0	0	0	0	0	0	2	2	0	0	2	0	2	0	0	0	0	2	2	0	2	2	0	0	2	0	0	0	2	0	0	2	0	0	0	0
10	17930368	18464124	0	0	2	0	0	0	0	0	0	0	0	2	0	0	0	0	0	2	2	0	0	2	0	2	0	0	0	0	2	2	0	2	2	0	0	2	0	2	0	2	2	0	2	0	0	0	0
10	18464125	19133233	2	0	0	0	0	0	0	0	0	0	0	2	0	0	0	0	2	2	2	0	2	2	2	2	0	0	0	0	2	0	0	2	2	0	0	2	0	2	0	2	2	2	2	0	0	0	0
10	19133234	19761637	2	0	0	0	0	0	0	2	0	0	0	2	0	0	0	0	2	2	2	0	2	2	2	2	0	0	0	0	2	0	0	2	2	0	0	2	0	2	0	2	2	2	2	0	0	0	0
10	19761638	20435583	2	0	0	0	0	0	0	2	0	0	0	2	0	0	0	0	2	2	2	0	2	2	2	2	0	0	0	0	2	0	0	2	2	0	2	2	2	2	0	2	2	2	2	0	0	0	0
10	20435584	20540905	2	0	0	2	0	0	0	2	0	0	0	2	0	0	0	0	2	2	2	0	2	2	2	2	0	0	2	0	2	0	0	2	2	0	2	2	2	2	0	2	2	2	2	0	0	0	0
10	20540906	23155882	2	0	0	2	0	0	0	2	0	0	0	2	0	0	0	0	2	2	2	0	2	2	2	2	0	0	2	0	2	2	0	2	2	0	2	2	2	2	0	2	2	2	2	0	0	0	0
11	1	3809967	2	2	2	0	0	0	2	2	0	2	2	1	0	0	0	0	2	0	0	2	2	2	0	2	1	0	0	2	0	0	0	0	0	2	2	0	2	0	2	2	2	0	0	0	2	0	0
11	3809968	3977586	2	2	2	0	0	0	2	2	0	2	2	2	0	0	0	0	2	0	0	2	2	2	0	2	2	0	0	2	0	0	0	0	0	2	2	0	2	0	2	2	2	0	0	0	2	0	0
11	3977587	4369601	2	0	0	0	0	0	0	0	0	0	0	2	0	0	0	0	2	0	0	2	0	0	0	0	2	0	0	0	0	0	0	0	0	0	0	0	0	0	0	0	0	0	0	0	2	0	0
11	4369602	4924016	2	2	2	0	0	0	2	2	0	2	2	2	0	0	2	2	2	0	0	2	2	2	0	2	0	0	0	0	0	0	0	0	0	0	2	0	2	0	2	2	2	0	2	0	2	0	0
11	4924017	5244265	2	2	2	0	0	0	2	2	0	2	2	2	0	0	2	2	2	0	0	2	2	2	0	2	0	0	0	0	0	0	0	0	0	2	2	0	2	0	2	2	2	0	2	0	2	0	0
11	5244266	5961369	2	2	2	0	0	0	2	2	0	2	2	2	0	0	2	2	0	0	0	0	2	2	0	2	0	0	0	0	0	0	0	0	0	2	2	0	2	0	2	2	2	0	2	0	2	0	0
11	5961370	6023427	0	2	2	0	0	0	2	2	0	2	2	2	0	0	2	2	0	0	0	0	2	2	0	2	0	0	0	0	0	0	0	0	0	2	2	0	2	0	2	2	2	0	2	0	2	0	0
11	6023428	6094495	0	2	0	0	0	0	0	2	0	2	2	2	0	0	2	2	0	0	0	0	2	0	0	2	0	0	0	2	0	0	0	0	0	2	2	0	2	0	2	0	0	0	2	0	2	0	0
11	6094496	6376921	0	1	0	0	0	0	0	1	0	2	1	1	0	0	2	2	0	0	0	0	2	0	0	2	0	0	0	2	0	0	0	0	0	0	2	0	1	0	2	0	0	0	2	0	2	0	0
11	6376922	6584533	0	2	0	0	0	2	0	2	0	2	2	2	0	0	2	2	0	0	0	0	0	0	0	2	2	0	2	2	0	0	0	0	0	0	2	0	2	0	2	0	0	0	2	0	2	0	0
11	6584534	7538608	0	2	0	0	0	2	0	2	0	2	2	2	0	0	2	2	0	0	0	0	0	0	0	2	2	0	2	2	0	0	0	0	0	0	2	0	2	0	0	0	0	0	2	0	2	0	0
11	7538609	7682437	0	2	0	0	0	2	0	2	0	2	2	2	0	0	2	2	0	0	0	0	0	0	0	2	2	0	2	0	0	0	0	0	0	0	2	0	2	0	0	0	0	0	2	0	2	0	0
11	7682438	7973578	0	2	0	0	0	2	0	2	0	2	2	2	0	0	2	2	0	0	0	0	0	0	0	2	0	0	2	0	0	0	0	0	0	0	2	0	2	0	0	0	0	0	0	0	2	0	0
11	7973579	8077969	0	0	0	0	0	2	0	0	0	0	0	2	0	0	0	0	0	0	0	0	0	0	0	0	0	0	0	0	0	0	0	0	0	0	0	0	0	0	0	0	0	0	0	0	2	0	0
11	8077970	8777409	2	0	0	0	0	2	0	0	0	0	0	2	0	0	0	0	2	0	0	2	2	0	0	0	0	0	0	0	0	0	0	0	0	0	0	0	0	0	0	0	0	0	0	0	2	0	0
11	8777410	11107361	2	0	0	0	0	2	0	0	0	0	0	2	0	0	0	0	2	0	0	2	2	0	0	0	2	0	0	0	0	0	0	0	0	0	0	0	0	0	0	0	0	0	0	0	2	0	0
11	11107362	11207192	2	0	0	0	0	2	0	0	0	0	0	2	0	0	0	0	2	0	0	2	2	0	0	0	2	0	0	0	0	0	0	0	0	0	0	0	0	0	0	0	2	0	0	0	2	0	0
11	11207193	11346682	2	0	0	2	0	2	0	0	0	2	0	2	0	0	0	0	2	0	0	2	2	0	0	0	2	0	0	0	0	0	0	0	2	0	0	0	2	0	0	2	2	0	2	0	2	2	0
11	11346683	11557993	2	0	0	2	2	2	0	0	0	2	0	2	0	0	0	0	2	0	0	2	2	0	0	0	2	0	0	2	0	0	0	0	2	0	0	0	2	0	0	2	2	0	2	0	2	2	0
11	11557994	15316800	2	2	0	2	2	2	0	2	2	2	0	2	0	0	2	2	2	2	2	2	2	0	0	2	2	0	2	2	2	2	0	0	2	0	0	0	2	0	0	2	2	0	2	2	2	2	0
11	15316801	15688831	2	2	0	2	2	2	0	2	2	0	0	2	0	0	2	2	2	2	2	2	2	0	0	2	2	0	2	2	2	2	0	0	2	0	0	0	2	0	0	2	2	0	2	2	2	2	0
11	15688832	16407066	2	2	0	2	2	2	0	2	2	0	0	2	0	0	2	2	2	2	2	2	2	0	2	2	2	0	2	2	2	2	0	0	2	0	0	0	2	0	0	2	2	0	2	2	2	2	0
11	16407067	16505182	2	2	0	2	2	2	0	2	2	0	0	2	0	0	2	2	2	2	2	2	2	0	2	2	2	2	2	2	2	2	0	0	2	0	0	0	2	0	0	2	2	0	2	2	2	0	0
11	16505183	16861246	0	2	0	2	2	2	0	2	2	0	0	2	0	0	2	2	2	2	2	2	2	0	2	2	2	2	2	2	2	2	0	0	2	0	0	0	2	0	0	2	2	0	2	2	2	0	0
11	16861247	17086353	0	2	0	2	2	2	0	2	2	0	0	2	0	0	2	2	2	2	2	2	2	0	2	2	2	2	2	2	2	2	0	0	2	0	2	0	2	0	0	2	2	0	2	2	2	0	0
11	17086354	17506454	2	2	0	2	2	2	0	2	2	0	0	2	0	0	2	2	2	2	2	2	2	0	2	2	2	0	2	2	2	2	0	0	2	0	2	0	2	0	0	2	2	0	0	2	2	0	0
11	17506455	17651426	2	2	0	2	2	2	0	2	2	0	0	2	0	0	2	2	2	2	2	2	2	0	2	2	0	0	2	2	2	2	0	0	2	0	2	0	2	0	0	0	2	0	0	2	2	0	0
11	17651427	17712658	0	2	0	2	2	2	0	2	2	0	0	2	0	0	2	2	0	2	2	2	2	0	2	2	0	0	2	2	2	2	0	0	2	0	2	0	2	0	0	0	2	0	0	2	2	0	0
11	17712659	17825538	0	2	0	2	2	2	0	2	2	0	0	0	0	0	2	2	0	2	2	0	2	0	2	2	0	0	2	2	2	2	0	0	2	0	2	0	2	0	0	0	2	0	0	2	2	0	0
11	17825539	18020073	0	2	0	2	2	2	0	2	2	0	0	0	0	0	2	2	0	2	2	0	2	0	2	2	0	0	2	2	2	2	0	0	2	0	2	0	2	0	0	0	2	0	0	2	0	0	0
11	18020074	18246583	0	0	0	0	2	0	0	0	0	0	0	0	0	0	0	0	0	0	0	0	2	0	0	0	0	0	0	0	0	0	0	0	0	0	2	0	0	0	0	0	2	0	0	0	0	0	0
11	18246584	18475741	0	0	0	0	2	0	0	0	0	0	0	0	0	0	0	0	0	0	0	0	2	0	0	0	2	0	0	0	0	0	0	0	0	0	2	0	0	0	0	0	2	0	0	0	0	0	0
11	18475742	19402496	0	0	0	0	2	0	0	0	0	0	0	0	0	0	0	0	0	0	0	0	0	0	0	0	2	0	0	0	0	0	0	0	0	0	2	0	0	0	0	0	2	0	0	0	0	0	0
11	19402497	19578060	0	0	0	0	2	0	0	0	0	0	0	0	0	0	0	0	0	0	0	0	0	0	0	0	2	0	0	0	0	0	0	0	0	0	2	0	0	0	0	0	2	0	0	0	2	0	0
11	19578061	19769010	0	2	0	2	2	2	0	2	2	0	0	0	0	0	0	0	0	2	2	0	0	0	2	2	0	0	2	2	2	2	0	0	2	0	2	0	0	0	2	2	2	2	2	2	2	2	0
11	19769011	19852862	0	2	0	2	2	2	0	2	2	0	2	0	0	0	0	0	0	2	2	0	0	0	2	2	0	0	2	2	2	2	0	0	2	0	2	0	0	0	2	2	2	2	2	2	2	2	0
11	19852863	19980411	2	2	0	2	2	2	0	2	2	0	2	2	0	0	0	0	2	2	2	2	0	0	2	2	0	0	2	2	2	2	0	0	2	0	2	0	0	0	2	2	2	2	2	2	2	2	2
11	19980412	20491065	2	0	0	0	2	0	0	0	0	0	2	2	0	0	0	0	2	0	0	2	0	0	0	0	0	0	0	2	0	0	0	0	0	0	2	0	0	0	0	0	2	0	0	0	2	2	2
11	20491066	21596872	2	0	0	0	2	0	0	0	0	0	2	2	0	0	0	0	2	0	0	2	0	0	0	0	0	0	0	2	0	0	0	0	0	0	0	0	0	0	0	0	2	0	0	0	2	0	2
11	21596873	22383762	2	0	0	0	2	2	0	0	0	0	2	2	0	0	0	0	2	0	0	2	0	0	0	0	0	0	0	2	0	0	0	0	0	0	0	0	0	0	0	0	2	0	0	0	2	0	2
11	22383763	22612977	2	1	0	0	2	2	0	1	0	0	2	2	0	0	0	0	2	1	1	2	1	1	1	1	1	0	1	2	0	1	0	0	1	0	0	0	0	0	0	0	2	1	1	0	2	0	2
11	22612978	22906664	2	1	0	0	2	2	0	1	0	0	2	2	0	0	0	0	2	1	1	2	1	1	1	1	1	0	1	2	0	1	0	0	1	0	0	0	0	0	0	2	2	1	1	0	2	0	2
11	22906665	23028691	2	0	0	0	0	2	0	0	0	0	2	2	0	0	0	0	2	0	0	2	0	0	0	0	0	0	0	2	0	0	0	0	0	0	0	0	0	0	0	2	2	0	0	0	2	0	2
11	23028692	23420193	2	0	0	0	0	2	0	0	0	0	0	2	0	0	0	0	2	0	0	2	0	0	0	0	0	0	0	2	0	0	0	0	0	0	0	0	0	0	0	2	2	0	0	0	2	0	2
11	23420194	23680995	2	0	0	0	0	2	0	0	0	0	0	2	0	0	0	0	2	0	0	2	0	0	0	0	0	0	0	1	0	0	0	0	0	0	0	0	0	0	0	2	2	0	0	0	2	0	2
11	23680996	23975627	2	0	0	0	2	2	0	0	0	0	0	2	0	0	0	0	2	0	0	2	0	0	0	0	0	0	0	1	0	0	0	0	0	0	0	0	0	0	0	2	2	0	0	0	2	0	2
11	23975628	24107908	2	0	0	0	2	2	0	2	0	2	2	2	0	0	0	0	2	0	0	2	2	2	2	0	2	2	2	1	2	2	0	0	2	0	2	0	2	0	0	2	2	2	2	0	2	0	2
11	24107909	24396340	2	0	0	0	2	2	0	2	0	2	2	2	0	0	0	0	2	0	0	2	2	2	2	0	2	2	2	2	2	2	0	0	2	0	2	0	2	0	0	2	2	2	2	0	2	0	2
11	24396341	24485226	2	0	0	0	2	2	0	2	0	2	2	2	0	0	0	0	2	0	0	2	2	2	2	0	2	2	2	2	2	2	0	0	2	0	2	0	2	0	0	2	2	2	2	0	2	2	2
11	24485227	24849930	2	0	0	0	2	2	0	2	0	2	2	2	0	0	0	0	2	0	0	2	2	2	2	0	2	2	2	2	2	2	2	0	2	0	2	0	2	0	0	2	2	2	2	0	2	2	2
11	24849931	25232488	2	0	0	0	2	2	0	2	0	2	2	2	0	0	0	0	2	0	0	2	2	2	2	0	2	0	2	2	2	2	2	0	2	0	2	0	2	0	0	2	2	2	2	0	2	2	2
11	25232489	25350590	2	0	0	0	2	2	0	1	0	1	0	2	0	0	0	0	2	0	0	2	1	1	1	0	1	0	1	2	1	1	1	0	1	0	0	0	0	0	0	2	2	1	1	0	2	2	0
11	25350591	25674234	2	0	0	0	2	2	0	1	0	1	0	2	0	0	0	0	2	0	0	2	1	1	1	0	1	0	1	2	1	1	1	0	1	0	0	0	0	0	0	2	2	1	1	0	0	2	0
11	25674235	26261076	2	0	0	0	2	2	0	2	0	2	2	2	0	0	0	0	2	0	0	2	2	2	2	0	2	2	2	2	2	2	2	0	2	0	2	0	2	0	0	2	2	2	2	0	0	2	2
11	26261077	26531110	2	0	0	0	2	2	0	2	0	2	2	2	0	0	0	0	2	0	0	2	2	2	2	0	2	2	2	2	2	2	2	0	2	0	2	0	2	0	0	2	2	2	2	0	2	2	2
11	26531111	26600395	2	0	0	0	2	2	0	2	0	2	2	2	0	0	0	0	2	0	0	2	2	2	2	0	2	2	2	2	2	2	2	0	2	0	2	2	2	0	0	2	2	2	2	0	2	2	2
11	26600396	27077095	2	0	0	0	2	2	0	2	0	2	2	2	0	0	0	0	2	0	0	2	2	2	2	0	2	2	2	2	2	2	2	0	2	0	2	2	2	2	0	2	2	2	2	0	2	2	2
11	27077096	27233511	2	0	0	0	2	2	0	2	0	2	2	2	0	0	0	0	2	0	0	2	2	2	2	0	2	2	2	2	2	2	2	0	2	0	2	2	2	2	0	2	2	2	2	0	1	2	2
11	27233512	27348954	2	0	0	0	2	2	0	0	0	2	2	2	0	0	0	0	2	0	0	2	2	2	2	0	2	2	2	2	2	2	2	0	2	0	2	2	2	2	0	2	2	2	2	0	1	0	2
11	27348955	28061591	2	0	0	0	2	2	0	0	0	2	2	2	0	0	0	0	2	0	0	2	2	2	2	0	2	0	2	2	2	2	2	0	2	0	2	2	2	2	0	2	2	2	2	0	1	0	2
11	28061592	28957771	2	0	0	0	2	2	0	0	2	2	2	2	0	0	0	0	2	0	0	2	2	2	2	0	2	2	2	2	2	2	2	0	2	2	2	2	2	2	0	2	2	2	2	2	2	2	2
12	1	3065025	2	2	0	2	2	2	2	2	0	2	1	2	0	0	0	0	2	0	0	2	0	0	0	2	2	0	0	2	2	2	0	0	2	2	0	2	0	2	2	2	2	2	0	0	2	0	0
12	3065026	3502803	2	2	0	2	2	2	2	2	2	2	1	2	0	0	0	0	2	0	0	2	0	0	0	2	2	0	0	2	2	2	0	0	2	2	0	2	0	2	2	2	2	2	0	2	2	0	0
12	3502804	3684479	2	2	0	2	2	2	2	2	2	2	1	2	0	0	0	0	2	0	0	2	0	0	0	2	2	0	0	2	2	2	0	0	0	2	0	2	0	2	2	2	2	2	0	2	2	0	0
12	3684480	3810843	2	2	0	2	2	2	2	2	2	2	1	2	0	0	0	0	2	0	0	2	0	0	0	2	2	0	0	2	2	2	0	0	0	0	0	2	0	2	2	2	2	2	0	2	2	0	0
12	3810844	4153955	2	2	0	2	2	2	2	2	2	0	1	2	0	0	0	0	2	0	0	2	0	0	0	2	2	0	0	2	2	2	0	0	0	0	0	2	0	2	2	2	2	2	0	2	2	0	0
12	4153956	4214715	2	2	0	2	2	2	0	2	2	0	0	2	0	0	0	0	2	0	0	2	0	0	0	2	2	0	0	2	2	2	0	0	0	0	2	2	2	2	2	2	2	0	0	2	2	0	0
12	4214716	4289648	2	2	0	2	2	0	0	2	2	0	0	2	0	0	0	0	2	0	0	2	0	0	0	2	2	0	0	2	2	2	0	0	0	0	2	2	2	2	2	2	2	0	0	2	2	0	0
12	4289649	4482500	2	2	0	2	2	0	0	2	2	0	0	2	0	0	2	2	2	0	0	2	0	0	0	2	2	0	0	2	2	2	0	0	0	0	2	2	2	2	2	2	2	0	0	2	2	0	0
12	4482501	5048877	2	2	0	2	2	0	0	2	2	0	0	2	0	0	2	2	2	0	0	2	0	0	0	2	2	0	0	2	2	2	0	0	0	0	2	2	2	2	2	2	2	0	0	2	2	2	0
12	5048878	5172029	2	2	0	2	2	0	0	2	2	0	0	2	0	0	2	2	2	0	0	2	0	0	0	2	2	0	0	2	2	2	0	0	0	0	2	0	2	2	2	2	2	0	0	2	2	2	0
12	5172030	5863456	2	2	0	0	2	0	0	2	2	0	0	2	0	0	2	2	2	0	0	2	0	0	0	0	2	0	0	2	2	2	0	0	0	0	2	0	2	2	2	2	2	0	0	2	2	2	0
12	5863457	6209655	2	2	0	0	2	0	0	2	2	0	0	2	0	0	2	2	2	0	0	2	0	0	0	0	2	0	0	2	2	2	0	0	0	0	2	0	2	0	2	2	2	0	0	2	2	0	0
12	6209656	6498031	2	2	0	0	2	0	0	2	2	0	0	2	0	0	2	2	2	0	0	2	0	0	0	0	0	0	0	2	2	2	0	0	0	0	2	0	2	0	2	2	2	0	0	2	2	0	0
12	6498032	6614577	2	2	0	0	2	0	0	2	2	0	0	2	0	0	2	2	2	0	0	2	0	0	0	0	0	0	0	2	2	2	0	0	0	2	2	0	2	0	2	2	2	0	2	2	2	0	2
12	6614578	6783394	2	2	0	0	2	0	0	2	2	0	0	2	0	0	2	2	2	0	0	2	0	0	0	0	0	0	0	2	2	2	0	0	0	2	2	0	2	0	2	2	2	0	2	2	2	2	2
12	6783395	7900135	2	2	0	0	2	0	0	2	2	0	0	2	0	0	2	2	2	0	0	2	0	0	0	0	0	0	0	2	2	2	0	2	0	2	2	0	2	0	2	2	2	0	2	2	2	2	2
12	7900136	8015880	2	2	0	2	2	0	0	2	2	2	0	2	0	0	2	2	2	0	0	2	0	0	0	2	0	0	0	2	2	2	0	2	0	0	2	0	2	0	0	2	2	0	2	2	2	2	2
12	8015881	8600591	2	2	0	2	2	0	0	2	2	2	0	2	0	0	2	2	2	0	0	2	0	0	0	2	0	0	0	2	2	2	0	2	0	0	2	0	2	0	0	2	2	0	2	2	0	2	2
12	8600592	11078666	2	2	0	2	2	0	0	2	2	2	0	2	0	0	2	2	2	0	0	2	0	0	0	2	2	0	0	2	2	2	0	2	0	0	2	0	2	0	0	2	2	0	2	2	2	2	2
12	11078667	11604311	2	2	0	0	2	0	0	2	2	2	0	2	0	0	0	0	2	0	0	2	0	0	0	2	2	0	0	0	0	0	2	2	0	0	2	0	2	0	0	2	2	0	2	2	2	2	2
12	11604312	15422305	2	2	0	0	2	0	0	2	2	2	0	2	0	0	0	0	2	0	0	2	0	0	0	2	2	0	0	0	0	0	2	2	0	0	2	0	2	0	0	2	2	0	2	2	2	0	2
12	15422306	15988398	0	2	0	0	2	2	0	2	2	2	0	0	0	0	0	0	2	0	0	2	0	0	0	2	2	0	0	0	0	0	2	2	0	0	2	0	0	0	0	2	2	0	2	2	2	0	2
12	15988399	17442600	2	2	0	0	2	2	0	2	2	2	0	2	0	0	0	0	2	0	0	2	0	0	0	2	2	0	0	0	0	0	2	2	0	0	2	0	2	0	0	2	2	0	2	2	2	0	2
12	17442601	17818824	2	2	0	0	2	2	0	2	2	2	0	2	0	0	0	0	2	0	0	2	0	0	0	2	2	0	0	0	0	0	2	2	0	0	2	0	2	0	0	2	2	0	0	2	2	0	2
12	17818825	18017083	2	2	0	0	2	2	0	2	2	2	0	2	0	0	0	0	2	0	0	2	0	0	0	2	2	2	0	0	0	0	2	2	0	0	2	0	2	0	0	2	2	0	0	2	2	0	2
12	18017084	18496347	2	2	0	0	2	2	0	0	2	2	0	2	0	0	0	0	2	0	0	2	0	0	0	2	2	2	0	0	0	0	2	2	0	2	2	0	2	0	0	2	2	0	0	2	2	0	2
12	18496348	19041619	2	2	0	0	2	2	0	0	2	2	0	2	0	0	0	0	2	0	0	2	0	0	0	2	2	0	0	0	0	0	2	2	0	2	2	0	2	0	0	2	2	0	0	2	2	0	2
12	19041620	19934151	2	2	0	0	2	2	0	0	2	2	0	2	0	0	0	0	2	0	0	2	0	0	0	2	2	2	0	0	0	0	2	2	0	2	2	0	2	0	0	2	2	0	0	2	2	0	2
12	19934152	20023658	2	2	0	0	2	2	0	0	2	2	0	2	0	0	0	0	2	0	0	2	0	0	0	2	2	2	0	0	0	0	2	2	0	2	2	0	0	0	0	2	2	0	0	2	2	0	2
12	20023659	22150669	2	2	0	2	2	2	0	2	2	2	0	2	0	0	0	0	2	0	0	2	0	0	0	2	2	0	0	0	0	0	2	2	0	0	2	0	0	0	2	0	0	0	0	2	2	0	0
12	22150670	22295131	2	2	2	2	2	2	0	2	2	0	0	2	2	2	0	0	2	0	0	2	0	0	0	2	2	0	0	0	0	0	2	0	0	0	2	0	0	0	2	0	0	0	0	2	2	0	0
12	22295132	24053363	2	2	2	2	2	2	0	2	2	0	0	2	2	2	0	0	2	0	0	2	0	0	0	2	0	0	0	0	0	0	2	0	0	0	2	0	0	0	2	0	0	0	0	2	2	0	0
12	24053364	24947147	2	0	2	2	2	2	0	0	2	0	0	2	2	2	0	0	2	0	0	2	0	0	0	2	0	0	0	0	0	0	2	0	0	0	2	0	0	0	2	2	2	0	0	2	2	0	0
12	24947148	26947769	2	0	2	2	2	0	0	0	0	0	2	2	2	2	0	0	2	0	0	2	0	2	0	2	0	0	0	0	0	0	2	0	0	0	2	2	0	0	2	2	2	2	0	0	2	2	0
12	26947770	27527280	2	0	2	0	2	0	0	0	0	0	2	2	2	2	0	0	2	0	0	2	0	2	0	2	0	0	0	0	0	0	0	0	0	0	0	2	0	0	2	2	2	2	0	0	2	2	0
